2004.511 0.0549 -0.1552	
2004.516 0.0711	-0.1536
2005.268 0.0707	-0.1437
2006.490 0.0731	-0.1199
2006.584 0.0749	-0.1220
2006.726 0.0790	-0.1180
2006.800 0.0731	-0.1169
2007.205 0.0835	-0.0883
2007.255 0.0797	-0.0763
2007.455 0.0784	-0.0635
2008.145 0.0659	-0.0346
2008.197 0.0641	-0.0338
2008.268 0.0711	-0.0309
2008.456 0.0692	-0.0167
2008.598 0.0678	-0.0144
2008.708 0.0620	-0.0058
2009.334 -0.0017 0.0358
2009.501 -0.0257 0.0291
2009.605 -0.0305 0.0243
2009.715 -0.0390 0.0378
2010.444 -0.0620 -0.0453
2010.455 -0.0523 -0.0404
2011.400 -0.0492 -0.1080
2012.374 -0.0345 -0.1180
2013.488 -0.0134 -0.1380
2015.581 0.0239 -0.1678