-0.110187
-0.110216
-0.110245
-0.110269
-0.110298
-0.110327
-0.110356
-0.110385
-0.110413
-0.110442
-0.110471
-0.1105
-0.110528
-0.110557
-0.110585
-0.110614
-0.110643
-0.110671
-0.1107
-0.110728
-0.110756
-0.110785
-0.110813
-0.110841
-0.11087
-0.110898
-0.110926
-0.110954
-0.110982
-0.11101
-0.111039
-0.111067
-0.111095
-0.111123
-0.11115
-0.111178
-0.111206
-0.111234
-0.111262
-0.11129
-0.111317
-0.111345
-0.111373
-0.1114
-0.111428
-0.111456
-0.111483
-0.111511
-0.111538
-0.111566
-0.111593
-0.11162
-0.111648
-0.111675
-0.111702
-0.111729
-0.111757
-0.111784
-0.111811
-0.111838
-0.111865
-0.111892
-0.111919
-0.111946
-0.111973
-0.112
-0.112027
-0.112054
-0.11208
-0.112107
-0.112134
-0.11216
-0.112187
-0.112214
-0.11224
-0.112267
-0.112293
-0.11232
-0.112346
-0.112373
-0.112399
-0.112426
-0.112452
-0.112478
-0.112504
-0.112531
-0.112557
-0.112583
-0.112609
-0.112635
-0.112661
-0.112687
-0.112713
-0.112739
-0.112765
-0.112791
-0.112817
-0.112843
-0.112868
-0.112894
-0.11292
-0.112945
-0.112971
-0.112997
-0.113022
-0.113048
-0.113073
-0.113099
-0.113124
-0.113149
-0.113175
-0.1132
-0.113225
-0.113251
-0.113276
-0.113301
-0.113326
-0.113351
-0.113376
-0.113401
-0.113427
-0.113451
-0.113476
-0.113501
-0.113526
-0.113551
-0.113576
-0.113601
-0.113625
-0.11365
-0.113675
-0.113699
-0.113724
-0.113748
-0.113773
-0.113798
-0.113822
-0.113846
-0.113871
-0.113895
-0.113919
-0.113944
-0.113968
-0.113992
-0.114016
-0.11404
-0.114065
-0.114089
-0.114113
-0.114137
-0.114161
-0.114185
-0.114208
-0.114232
-0.114256
-0.11428
-0.114304
-0.114327
-0.114351
-0.114375
-0.114398
-0.114422
-0.114446
-0.114469
-0.114492
-0.114516
-0.114539
-0.114563
-0.114586
-0.114609
-0.114633
-0.114656
-0.114679
-0.114702
-0.114725
-0.114748
-0.114771
-0.114794
-0.114817
-0.11484
-0.114863
-0.114886
-0.114909
-0.114932
-0.114954
-0.114977
-0.115
-0.115023
-0.115045
-0.115068
-0.11509
-0.115113
-0.115135
-0.115158
-0.11518
-0.115203
-0.115225
-0.115247
-0.115269
-0.115292
-0.115314
-0.115336
-0.115358
-0.11538
-0.115402
-0.115424
-0.115446
-0.115468
-0.11549
-0.115512
-0.115534
-0.115556
-0.115577
-0.115599
-0.115621
-0.115642
-0.115664
-0.115686
-0.115707
-0.115729
-0.11575
-0.115771
-0.115793
-0.115814
-0.115836
-0.115857
-0.115878
-0.115899
-0.11592
-0.115942
-0.115963
-0.115984
-0.116005
-0.116026
-0.116047
-0.116068
-0.116089
-0.116109
-0.11613
-0.116151
-0.116172
-0.116192
-0.116213
-0.116234
-0.116254
-0.116275
-0.116295
-0.116316
-0.116336
-0.116357
-0.116377
-0.116397
-0.116418
-0.116438
-0.116458
-0.116478
-0.116499
-0.116519
-0.116539
-0.116559
-0.116579
-0.116599
-0.116619
-0.116639
-0.116658
-0.116678
-0.116698
-0.116718
-0.116737
-0.116757
-0.116777
-0.116796
-0.116816
-0.116835
-0.116855
-0.116874
-0.116894
-0.116913
-0.116922
-0.116942
-0.116961
-0.11698
-0.116999
-0.117019
-0.117038
-0.117057
-0.117076
-0.117095
-0.117114
-0.117133
-0.117152
-0.117171
-0.117189
-0.117208
-0.117227
-0.117246
-0.117264
-0.117283
-0.117302
-0.11732
-0.117339
-0.117357
-0.117376
-0.117394
-0.117412
-0.117431
-0.117449
-0.117467
-0.117485
-0.117504
-0.117522
-0.11754
-0.117558
-0.117576
-0.117594
-0.117612
-0.11763
-0.117648
-0.117666
-0.117683
-0.117701
-0.117719
-0.117737
-0.117754
-0.117772
-0.117789
-0.117807
-0.117824
-0.117842
-0.117859
-0.117877
-0.117894
-0.117911
-0.117929
-0.117946
-0.117963
-0.11798
-0.117997
-0.118014
-0.118031
-0.118048
-0.118065
-0.118082
-0.118099
-0.118116
-0.118133
-0.11815
-0.118166
-0.118183
-0.1182
-0.118216
-0.118233
-0.118249
-0.118266
-0.118282
-0.118299
-0.118315
-0.118331
-0.118348
-0.118364
-0.11838
-0.118396
-0.118413
-0.118429
-0.118445
-0.118461
-0.118477
-0.118493
-0.118509
-0.118524
-0.11854
-0.118556
-0.118572
-0.118588
-0.118603
-0.118619
-0.118634
-0.11865
-0.118665
-0.118681
-0.118696
-0.118712
-0.118727
-0.118742
-0.118758
-0.118773
-0.118788
-0.118803
-0.118818
-0.118834
-0.118849
-0.118864
-0.118879
-0.118893
-0.118908
-0.118923
-0.118938
-0.118953
-0.118967
-0.118982
-0.118997
-0.119011
-0.119026
-0.11904
-0.119055
-0.119069
-0.119084
-0.119098
-0.119113
-0.119127
-0.119141
-0.119155
-0.119169
-0.119184
-0.119198
-0.119212
-0.119226
-0.11924
-0.119254
-0.119267
-0.119281
-0.119295
-0.119309
-0.119323
-0.119336
-0.11935
-0.119363
-0.119377
-0.119391
-0.119404
-0.119417
-0.119431
-0.119444
-0.119457
-0.119471
-0.119484
-0.119497
-0.11951
-0.119523
-0.119536
-0.11955
-0.119563
-0.119575
-0.119588
-0.119601
-0.119614
-0.119627
-0.11964
-0.119652
-0.119665
-0.119678
-0.11969
-0.119703
-0.119715
-0.119728
-0.11974
-0.119752
-0.119765
-0.119777
-0.119789
-0.119801
-0.119814
-0.119826
-0.119838
-0.11985
-0.119862
-0.119874
-0.119886
-0.119898
-0.119909
-0.119921
-0.119933
-0.119945
-0.119956
-0.119968
-0.11998
-0.119991
-0.120003
-0.120014
-0.120025
-0.120037
-0.120048
-0.120059
-0.120071
-0.120082
-0.120093
-0.120104
-0.120115
-0.120126
-0.120137
-0.120148
-0.120159
-0.12017
-0.120181
-0.120192
-0.120202
-0.120213
-0.120224
-0.120234
-0.120245
-0.120256
-0.120266
-0.120276
-0.120287
-0.120297
-0.120308
-0.120318
-0.120328
-0.120338
-0.120348
-0.120359
-0.120369
-0.120379
-0.120389
-0.120399
-0.120408
-0.120418
-0.120428
-0.120438
-0.120448
-0.120457
-0.120467
-0.120476
-0.120486
-0.120496
-0.120505
-0.120514
-0.120524
-0.120533
-0.120542
-0.120552
-0.120561
-0.12057
-0.120579
-0.120588
-0.120597
-0.120606
-0.120615
-0.120624
-0.120633
-0.120642
-0.120651
-0.120659
-0.120668
-0.120677
-0.120685
-0.120694
-0.120702
-0.120711
-0.120719
-0.120728
-0.120736
-0.120744
-0.120752
-0.120761
-0.120769
-0.120777
-0.120785
-0.120793
-0.120801
-0.120809
-0.120817
-0.120825
-0.120833
-0.12084
-0.120848
-0.120856
-0.120863
-0.120871
-0.120878
-0.120886
-0.120893
-0.120901
-0.120908
-0.120915
-0.120923
-0.12093
-0.120937
-0.120944
-0.120951
-0.120958
-0.120966
-0.120972
-0.120979
-0.120986
-0.120993
-0.121
-0.121007
-0.121013
-0.12102
-0.121027
-0.121033
-0.12104
-0.121046
-0.121053
-0.121059
-0.121065
-0.121072
-0.121078
-0.121084
-0.12109
-0.121096
-0.121102
-0.121108
-0.121114
-0.12112
-0.121126
-0.121132
-0.121138
-0.121144
-0.121149
-0.121155
-0.121161
-0.121166
-0.121172
-0.121177
-0.121183
-0.121188
-0.121193
-0.121199
-0.121204
-0.121209
-0.121214
-0.121219
-0.121224
-0.121229
-0.121234
-0.121239
-0.121244
-0.121249
-0.121254
-0.121258
-0.121263
-0.121268
-0.121272
-0.121277
-0.121281
-0.121286
-0.12129
-0.121295
-0.121299
-0.121303
-0.121308
-0.121312
-0.121316
-0.12132
-0.121324
-0.121328
-0.121332
-0.121336
-0.12134
-0.121344
-0.121347
-0.121351
-0.121355
-0.121358
-0.121362
-0.121365
-0.121369
-0.121372
-0.121376
-0.121379
-0.121382
-0.121386
-0.121389
-0.121392
-0.121395
-0.121398
-0.121401
-0.121404
-0.121407
-0.12141
-0.121413
-0.121415
-0.121418
-0.121421
-0.121423
-0.121426
-0.121429
-0.121431
-0.121433
-0.121436
-0.121438
-0.12144
-0.121443
-0.121445
-0.121447
-0.121449
-0.121451
-0.121453
-0.121455
-0.121457
-0.121459
-0.121461
-0.121463
-0.121464
-0.121466
-0.121468
-0.121469
-0.121471
-0.121472
-0.121474
-0.121475
-0.121476
-0.121477
-0.121479
-0.12148
-0.121481
-0.121482
-0.121483
-0.121484
-0.121485
-0.121486
-0.121487
-0.121488
-0.121488
-0.121489
-0.12149
-0.12149
-0.121491
-0.121491
-0.121492
-0.121492
-0.121492
-0.121493
-0.121493
-0.121493
-0.121493
-0.121493
-0.121493
-0.121493
-0.121493
-0.121493
-0.121493
-0.121493
-0.121493
-0.121493
-0.121492
-0.121492
-0.121492
-0.121491
-0.121491
-0.12149
-0.12149
-0.121489
-0.121488
-0.121487
-0.121487
-0.121486
-0.121485
-0.121484
-0.121483
-0.121482
-0.121481
-0.12148
-0.121478
-0.121477
-0.121476
-0.121474
-0.121473
-0.121473
-0.121471
-0.12147
-0.121468
-0.121466
-0.121465
-0.121463
-0.121461
-0.121459
-0.121457
-0.121456
-0.121454
-0.121452
-0.121449
-0.121447
-0.121445
-0.121443
-0.121441
-0.121438
-0.121436
-0.121433
-0.121431
-0.121428
-0.121426
-0.121423
-0.12142
-0.121418
-0.121415
-0.121412
-0.121409
-0.121406
-0.121403
-0.1214
-0.121397
-0.121394
-0.12139
-0.121387
-0.121384
-0.12138
-0.121377
-0.121373
-0.12137
-0.121366
-0.121363
-0.121359
-0.121355
-0.121351
-0.121348
-0.121344
-0.12134
-0.121336
-0.121332
-0.121328
-0.121324
-0.12132
-0.121315
-0.121311
-0.121307
-0.121302
-0.121298
-0.121293
-0.121289
-0.121284
-0.121279
-0.121275
-0.12127
-0.121265
-0.12126
-0.121255
-0.12125
-0.121245
-0.12124
-0.121235
-0.121229
-0.121224
-0.121219
-0.121213
-0.121208
-0.121202
-0.121197
-0.121197
-0.121191
-0.121186
-0.12118
-0.121174
-0.121168
-0.121162
-0.121156
-0.12115
-0.121144
-0.121138
-0.121132
-0.121126
-0.12112
-0.121113
-0.121107
-0.1211
-0.121094
-0.121087
-0.121081
-0.121074
-0.121067
-0.121061
-0.121054
-0.121047
-0.12104
-0.121033
-0.121026
-0.121019
-0.121012
-0.121005
-0.120997
-0.12099
-0.120983
-0.120975
-0.120968
-0.12096
-0.120952
-0.120945
-0.120937
-0.120929
-0.120922
-0.120914
-0.120906
-0.120898
-0.12089
-0.120882
-0.120873
-0.120865
-0.120857
-0.120849
-0.12084
-0.120832
-0.120823
-0.120815
-0.120806
-0.120797
-0.120789
-0.12078
-0.120771
-0.120762
-0.120753
-0.120744
-0.120735
-0.120726
-0.120717
-0.120707
-0.120698
-0.120689
-0.120679
-0.12067
-0.12066
-0.120651
-0.120641
-0.120631
-0.120622
-0.120612
-0.120602
-0.120592
-0.120582
-0.120572
-0.120562
-0.120552
-0.120541
-0.120531
-0.120521
-0.12051
-0.1205
-0.120489
-0.120479
-0.120468
-0.120457
-0.120447
-0.120436
-0.120425
-0.120414
-0.120403
-0.120392
-0.120381
-0.12037
-0.120359
-0.120347
-0.120336
-0.120325
-0.120313
-0.120302
-0.12029
-0.120278
-0.120267
-0.120255
-0.120243
-0.120231
-0.120219
-0.120207
-0.120195
-0.120183
-0.120171
-0.120158
-0.120146
-0.120134
-0.120121
-0.120109
-0.120096
-0.120084
-0.120071
-0.120058
-0.120046
-0.120033
-0.12002
-0.120007
-0.119994
-0.119981
-0.119968
-0.119954
-0.119941
-0.119928
-0.119914
-0.119901
-0.119887
-0.119874
-0.11986
-0.119846
-0.119833
-0.119819
-0.119805
-0.119791
-0.119777
-0.119763
-0.119751
-0.119737
-0.119723
-0.119708
-0.119694
-0.119679
-0.119665
-0.11965
-0.119636
-0.119621
-0.119606
-0.119592
-0.119577
-0.119562
-0.119547
-0.119532
-0.119516
-0.119501
-0.119486
-0.119482
-0.119467
-0.119451
-0.119436
-0.11942
-0.119405
-0.119389
-0.119373
-0.119358
-0.119342
-0.119326
-0.11931
-0.119294
-0.119278
-0.119262
-0.119245
-0.119229
-0.119213
-0.119196
-0.11918
-0.119163
-0.119147
-0.11913
-0.119113
-0.119096
-0.119079
-0.119063
-0.119046
-0.119028
-0.119011
-0.118994
-0.118977
-0.118959
-0.118942
-0.118925
-0.118907
-0.118889
-0.118872
-0.118854
-0.118836
-0.118818
-0.118801
-0.118783
-0.118764
-0.118746
-0.118728
-0.11871
-0.118692
-0.118673
-0.118655
-0.118636
-0.118618
-0.118599
-0.11858
-0.118561
-0.118543
-0.118524
-0.118505
-0.118486
-0.118466
-0.118447
-0.118428
-0.118409
-0.118389
-0.11837
-0.11835
-0.118331
-0.118311
-0.118291
-0.118271
-0.118252
-0.118232
-0.118212
-0.118192
-0.118171
-0.118151
-0.118131
-0.118111
-0.11809
-0.11807
-0.118049
-0.118028
-0.118008
-0.117987
-0.117966
-0.117945
-0.117924
-0.117903
-0.117882
-0.117861
-0.11784
-0.117818
-0.117797
-0.117776
-0.117754
-0.117732
-0.117711
-0.117689
-0.117667
-0.117645
-0.117623
-0.117601
-0.117579
-0.117557
-0.117535
-0.117513
-0.11749
-0.117468
-0.117445
-0.117423
-0.1174
-0.117377
-0.117354
-0.117332
-0.117309
-0.117286
-0.117263
-0.117239
-0.117216
-0.117193
-0.117169
-0.117146
-0.117122
-0.117099
-0.117075
-0.117051
-0.117028
-0.117004
-0.11698
-0.116956
-0.116932
-0.116908
-0.116883
-0.116859
-0.116835
-0.11681
-0.116786
-0.116761
-0.116736
-0.116712
-0.116687
-0.116662
-0.116637
-0.116612
-0.116587
-0.116561
-0.116536
-0.116511
-0.116485
-0.11646
-0.116434
-0.116409
-0.116383
-0.116357
-0.116331
-0.116305
-0.116279
-0.116253
-0.116227
-0.116201
-0.116174
-0.116148
-0.116122
-0.116095
-0.116068
-0.116042
-0.116015
-0.115988
-0.115961
-0.115934
-0.115907
-0.11588
-0.115853
-0.115825
-0.115798
-0.11577
-0.115743
-0.115715
-0.115688
-0.11566
-0.115632
-0.115604
-0.115576
-0.115548
-0.11552
-0.115491
-0.115463
-0.115435
-0.115406
-0.115378
-0.115349
-0.11532
-0.115292
-0.115263
-0.115234
-0.115205
-0.115176
-0.115146
-0.115117
-0.115088
-0.115058
-0.115029
-0.114999
-0.11497
-0.11494
-0.11491
-0.11488
-0.11485
-0.11482
-0.11479
-0.11476
-0.11473
-0.114699
-0.114669
-0.114638
-0.114608
-0.114577
-0.114546
-0.114515
-0.114484
-0.114453
-0.114422
-0.114391
-0.11436
-0.114328
-0.114297
-0.114265
-0.114234
-0.114202
-0.11417
-0.114138
-0.114106
-0.114074
-0.114042
-0.11401
-0.113978
-0.113946
-0.113913
-0.113881
-0.113848
-0.113815
-0.113783
-0.11375
-0.113717
-0.113684
-0.113651
-0.113617
-0.113584
-0.113551
-0.113517
-0.113484
-0.11345
-0.113417
-0.113383
-0.113349
-0.113315
-0.113281
-0.113247
-0.113213
-0.113178
-0.113144
-0.11311
-0.113075
-0.11304
-0.113006
-0.112971
-0.112936
-0.112901
-0.112866
-0.112831
-0.112795
-0.11276
-0.112725
-0.112689
-0.112654
-0.112618
-0.112582
-0.112546
-0.11251
-0.112474
-0.112438
-0.112402
-0.112366
-0.112329
-0.112293
-0.112256
-0.11222
-0.112183
-0.112146
-0.112109
-0.112072
-0.112035
-0.111998
-0.111961
-0.111923
-0.111886
-0.111848
-0.111811
-0.111773
-0.111735
-0.111697
-0.111659
-0.111621
-0.111583
-0.111545
-0.111506
-0.111468
-0.111429
-0.111391
-0.111352
-0.111313
-0.111274
-0.111235
-0.111196
-0.111157
-0.111118
-0.111078
-0.111039
-0.110999
-0.11096
-0.11092
-0.11088
-0.11084
-0.1108
-0.11076
-0.110726
-0.110685
-0.110645
-0.110605
-0.110564
-0.110523
-0.110482
-0.110442
-0.110401
-0.11036
-0.110318
-0.110277
-0.110236
-0.110194
-0.110153
-0.110111
-0.11007
-0.110028
-0.109986
-0.109945
-0.109902
-0.10986
-0.109818
-0.109776
-0.109733
-0.10969
-0.109648
-0.109605
-0.109562
-0.109519
-0.109476
-0.109433
-0.109389
-0.109346
-0.109303
-0.109259
-0.109215
-0.109172
-0.109128
-0.109084
-0.10904
-0.108995
-0.108951
-0.108907
-0.108862
-0.108821
-0.108777
-0.108732
-0.108687
-0.108642
-0.108597
-0.108552
-0.108507
-0.108461
-0.108416
-0.10837
-0.108324
-0.108279
-0.108233
-0.108187
-0.108141
-0.108094
-0.108048
-0.108002
-0.107955
-0.107908
-0.107862
-0.107815
-0.107768
-0.107721
-0.107674
-0.107627
-0.107579
-0.107532
-0.107484
-0.107436
-0.107389
-0.107341
-0.107293
-0.107245
-0.107196
-0.107148
-0.1071
-0.107051
-0.107003
-0.106954
-0.106905
-0.106856
-0.106807
-0.106758
-0.106709
-0.106659
-0.10661
-0.10656
-0.10651
-0.10646
-0.106411
-0.10636
-0.10631
-0.10626
-0.10621
-0.106159
-0.106109
-0.106058
-0.106007
-0.105956
-0.105905
-0.105854
-0.105803
-0.105751
-0.1057
-0.105648
-0.105597
-0.105545
-0.105513
-0.10546
-0.105408
-0.105356
-0.105304
-0.105251
-0.105199
-0.105146
-0.105093
-0.10504
-0.104987
-0.104934
-0.104881
-0.104828
-0.104774
-0.10472
-0.104667
-0.104613
-0.104559
-0.104505
-0.104451
-0.104396
-0.104342
-0.104287
-0.104233
-0.104178
-0.104123
-0.104068
-0.104013
-0.103958
-0.103902
-0.103847
-0.103791
-0.103735
-0.10368
-0.103624
-0.103567
-0.103511
-0.103455
-0.103398
-0.103342
-0.103285
-0.103228
-0.103171
-0.103114
-0.103057
-0.103
-0.102942
-0.102885
-0.102827
-0.102769
-0.102712
-0.102663
-0.102605
-0.102547
-0.102489
-0.10243
-0.102371
-0.102313
-0.102254
-0.102195
-0.102136
-0.102076
-0.102017
-0.101957
-0.101898
-0.101838
-0.101778
-0.101718
-0.101658
-0.101598
-0.101537
-0.101477
-0.101416
-0.101355
-0.101294
-0.101233
-0.101172
-0.101111
-0.101049
-0.100988
-0.100926
-0.100864
-0.100802
-0.10074
-0.100678
-0.100615
-0.100553
-0.10049
-0.100427
-0.100365
-0.100302
-0.100238
-0.100229
-0.100166
-0.100102
-0.100038
-0.0999748
-0.0999109
-0.0998469
-0.0997828
-0.0997185
-0.0996541
-0.0995896
-0.0995249
-0.0994601
-0.0993951
-0.0993301
-0.0992648
-0.0991995
-0.099134
-0.0990683
-0.0990026
-0.0989366
-0.0988706
-0.0988044
-0.0987381
-0.0986716
-0.098605
-0.0985382
-0.0984713
-0.0984043
-0.0983371
-0.0982698
-0.0982023
-0.0981347
-0.0980669
-0.0979991
-0.097931
-0.0978628
-0.0977945
-0.097726
-0.0976574
-0.0975887
-0.0975198
-0.0974507
-0.0973815
-0.0973122
-0.0972427
-0.0971731
-0.0971033
-0.0970333
-0.0969633
-0.096893
-0.0968227
-0.0967521
-0.0966815
-0.0966107
-0.0965397
-0.0964686
-0.0963973
-0.0963259
-0.0962543
-0.0961826
-0.0961107
-0.0960387
-0.0959665
-0.0958942
-0.0958217
-0.0957491
-0.0956763
-0.0956033
-0.0955302
-0.095457
-0.0953836
-0.09531
-0.0952363
-0.0951624
-0.0950884
-0.0950142
-0.0949398
-0.0948653
-0.0947907
-0.0947159
-0.0946409
-0.0945657
-0.0944904
-0.094415
-0.0943394
-0.0942636
-0.0941877
-0.0941116
-0.0940353
-0.0939589
-0.0938823
-0.0938056
-0.0937287
-0.0936516
-0.0935744
-0.093497
-0.0934194
-0.0933417
-0.0932638
-0.0931857
-0.0931075
-0.0930291
-0.0929506
-0.0928718
-0.092793
-0.0927139
-0.0926347
-0.0925553
-0.0924757
-0.092396
-0.0923161
-0.092236
-0.0921558
-0.0920753
-0.0919948
-0.091914
-0.0918331
-0.091752
-0.0916707
-0.0915893
-0.0915076
-0.0914258
-0.0913439
-0.0912617
-0.0911794
-0.0910969
-0.0910142
-0.0909314
-0.0908484
-0.0907651
-0.0906818
-0.0905982
-0.0905145
-0.0904305
-0.0903464
-0.0902622
-0.0901777
-0.0900931
-0.0900082
-0.0899232
-0.089838
-0.0897527
-0.0896671
-0.0895814
-0.0894954
-0.0894093
-0.089323
-0.0892366
-0.0891499
-0.089063
-0.088976
-0.0888888
-0.0888014
-0.0887138
-0.088626
-0.088538
-0.0884498
-0.0883614
-0.0882729
-0.0881841
-0.0880952
-0.0880061
-0.0879168
-0.0878272
-0.0877375
-0.0876476
-0.0875575
-0.0874672
-0.0873767
-0.087286
-0.0871952
-0.0871041
-0.0870128
-0.0869213
-0.0868296
-0.0867378
-0.0866457
-0.0865534
-0.0864609
-0.0863682
-0.0862754
-0.0861823
-0.086089
-0.0859955
-0.0859018
-0.0858079
-0.0857138
-0.0856194
-0.0855249
-0.0854302
-0.0853353
-0.0852401
-0.0851447
-0.0850492
-0.0849534
-0.0848574
-0.0847612
-0.0846648
-0.0845682
-0.0844714
-0.0843743
-0.084277
-0.0841796
-0.0840819
-0.083984
-0.0838858
-0.0837875
-0.0836889
-0.0835902
-0.0834912
-0.0833919
-0.0832925
-0.0831928
-0.083093
-0.0829929
-0.0828925
-0.082792
-0.0826912
-0.0825902
-0.082489
-0.0823875
-0.0822859
-0.0821839
-0.0820818
-0.0819795
-0.0818769
-0.081774
-0.081671
-0.0816204
-0.081517
-0.0814134
-0.0813095
-0.0812054
-0.0811011
-0.0809965
-0.0808917
-0.0807867
-0.0806814
-0.0805759
-0.0804702
-0.0803642
-0.080258
-0.0801515
-0.0800448
-0.0799378
-0.0798306
-0.0797232
-0.0796155
-0.0795076
-0.0793994
-0.079291
-0.0791823
-0.0790734
-0.0789642
-0.0788548
-0.0787452
-0.0786352
-0.0785251
-0.0784146
-0.078304
-0.078193
-0.0780819
-0.0779704
-0.0778587
-0.0777468
-0.0776346
-0.0775221
-0.0774094
-0.0772964
-0.0771831
-0.0770696
-0.0769558
-0.0768418
-0.0767275
-0.0766129
-0.0764981
-0.076383
-0.0762676
-0.0761519
-0.076036
-0.0759198
-0.0758034
-0.0756867
-0.0755697
-0.0754524
-0.0753348
-0.075217
-0.0750989
-0.0749805
-0.0748672
-0.0747483
-0.0746291
-0.0745096
-0.0743898
-0.0742698
-0.0741494
-0.0740288
-0.0739079
-0.0737867
-0.0736652
-0.0735435
-0.0734214
-0.073299
-0.0731764
-0.0730535
-0.0729302
-0.0728067
-0.0726829
-0.0725588
-0.0724343
-0.0723096
-0.0721846
-0.0720593
-0.0719337
-0.0718078
-0.0716815
-0.071555
-0.0714282
-0.071301
-0.0711736
-0.0710458
-0.0709178
-0.0707894
-0.0706607
-0.0705317
-0.0704024
-0.0702727
-0.070148
-0.0700177
-0.0698871
-0.0697562
-0.069625
-0.0694935
-0.0693616
-0.0692294
-0.0690969
-0.0689641
-0.0688309
-0.0686974
-0.0685636
-0.0684294
-0.0682949
-0.0681601
-0.068025
-0.0678895
-0.0677536
-0.0676175
-0.067481
-0.0673441
-0.0672069
-0.0670694
-0.0669315
-0.0667933
-0.0666547
-0.0665158
-0.0663765
-0.0662369
-0.0660969
-0.0659565
-0.0658159
-0.0656748
-0.0655334
-0.0653917
-0.0652495
-0.0651071
-0.0649642
-0.064821
-0.0646774
-0.0646559
-0.0645119
-0.0643675
-0.0642228
-0.0640777
-0.0639322
-0.0637863
-0.0636401
-0.0634935
-0.0633465
-0.0631992
-0.0630514
-0.0629033
-0.0627548
-0.0626059
-0.0624566
-0.0623069
-0.0621569
-0.0620064
-0.0618556
-0.0617043
-0.0615527
-0.0614007
-0.0612482
-0.0610954
-0.0609422
-0.0607885
-0.0606345
-0.0604801
-0.0603252
-0.0601699
-0.0600143
-0.0598582
-0.0597017
-0.0595448
-0.0593874
-0.0592297
-0.0590715
-0.0589129
-0.0587539
-0.0585944
-0.0584346
-0.0582743
-0.0581135
-0.0579524
-0.0577908
-0.0576287
-0.0574663
-0.0573033
-0.05714
-0.0569762
-0.056812
-0.0566473
-0.0564821
-0.0563166
-0.0561505
-0.0559841
-0.0558171
-0.0556497
-0.0554819
-0.0553136
-0.0551448
-0.0549756
-0.0548059
-0.0546357
-0.054465
-0.0542939
-0.0541224
-0.0539503
-0.0537778
-0.0536048
-0.0534313
-0.0532573
-0.0530829
-0.0529079
-0.0527325
-0.0525566
-0.0523802
-0.0522033
-0.0520259
-0.051848
-0.0516696
-0.0514908
-0.0513114
-0.0511315
-0.0509511
-0.0507702
-0.0505888
-0.0504069
-0.0502244
-0.0500415
-0.049858
-0.049674
-0.0494895
-0.0493045
-0.0491189
-0.0489329
-0.0487463
-0.0485591
-0.0483714
-0.0481832
-0.0479945
-0.0478052
-0.0476154
-0.047425
-0.0472341
-0.0470427
-0.0468507
-0.0466582
-0.0464651
-0.0462714
-0.0460772
-0.0458825
-0.0456871
-0.0454913
-0.0452948
-0.0450978
-0.0449003
-0.0447021
-0.0445034
-0.0443041
-0.0441043
-0.0439039
-0.0437029
-0.0435013
-0.0432992
-0.0430964
-0.0428931
-0.0426892
-0.0424847
-0.0422797
-0.042074
-0.0418677
-0.0416609
-0.0414535
-0.0412454
-0.0410368
-0.0408276
-0.0406178
-0.0404073
-0.0401963
-0.0399847
-0.0397724
-0.0395596
-0.0393462
-0.0391321
-0.0389175
-0.0387022
-0.0384863
-0.0382698
-0.0380527
-0.037835
-0.0376167
-0.0373977
-0.0371782
-0.036958
-0.0367372
-0.0365158
-0.0362937
-0.0360711
-0.0358478
-0.035624
-0.0353995
-0.0351743
-0.0349486
-0.0347222
-0.0344953
-0.0342677
-0.0340395
-0.0338106
-0.0335812
-0.0333511
-0.0331205
-0.0328892
-0.0326573
-0.0324248
-0.0321916
-0.0319579
-0.0317235
-0.0314886
-0.031253
-0.0310169
-0.0307801
-0.0305428
-0.0303048
-0.0300663
-0.0298271
-0.0295874
-0.0293471
-0.0291062
-0.0288647
-0.0286226
-0.02838
-0.0281368
-0.027893
-0.0276487
-0.0274038
-0.0271584
-0.0269124
-0.0266659
-0.0264188
-0.0261712
-0.0259231
-0.0256745
-0.0254253
-0.0251756
-0.0249255
-0.0246748
-0.0244237
-0.024172
-0.0239199
-0.0236674
-0.0234144
-0.0231609
-0.022907
-0.0226527
-0.0223979
-0.0221428
-0.0218872
-0.0216312
-0.0213749
-0.0211182
-0.0208612
-0.0206038
-0.0203461
-0.020088
-0.0198297
-0.019571
-0.0193121
-0.0190529
-0.0187935
-0.0185338
-0.0182739
-0.0180138
-0.0177535
-0.0174931
-0.0172324
-0.0169717
-0.0167108
-0.0164498
-0.0161888
-0.0159276
-0.0156664
-0.0154052
-0.015144
-0.0148828
-0.0146217
-0.0143605
-0.0140995
-0.0138386
-0.0135778
-0.0133171
-0.0130566
-0.0127963
-0.0125362
-0.0122763
-0.0120167
-0.0117574
-0.0114984
-0.0112397
-0.0109815
-0.0107236
-0.0104661
-0.010209
-0.00995246
-0.00969639
-0.00944085
-0.00941915
-0.00916421
-0.00890985
-0.00865611
-0.008403
-0.00839921
-0.00814678
-0.00789506
-0.00764405
-0.00739381
-0.00714435
-0.0068957
-0.00664789
-0.00640096
-0.00615492
-0.00590981
-0.00566566
-0.0054225
-0.00518035
-0.00493924
-0.0046992
-0.00446027
-0.00422246
-0.0039858
-0.00375032
-0.00351606
-0.00328303
-0.00305126
-0.00282078
-0.00259162
-0.00236379
-0.00213733
-0.00191226
-0.0016886
-0.00146638
-0.00124561
-0.00102633
-0.000808552
-0.000592299
-0.000377593
-0.000164453
4.71002e-005
0.000257048
0.000465372
0.000672054
0.000877077
0.00108042
0.00128208
0.00148203
0.00168026
0.00187675
0.00207149
0.00226447
0.00245568
0.00264511
0.00283274
0.00301856
0.00320257
0.00338476
0.00356512
0.00374364
0.00392032
0.00409515
0.00426813
0.00443925
0.0046085
0.00477589
0.00494141
0.00510507
0.00526685
0.00542676
0.00558479
0.00574096
0.00589525
0.00604768
0.00619824
0.00634693
0.00649377
0.00663874
0.00678187
0.00692314
0.00706257
0.00720016
0.00733592
0.00746986
0.00760197
0.00773227
0.00786077
0.00798747
0.00811238
0.00823551
0.00835687
0.00847647
0.00859431
0.00871041
0.00882478
0.00893742
0.00904835
0.00915757
0.00926511
0.00937096
0.00947514
0.00957767
0.00967855
0.00977779
0.00987541
0.00997142
0.0100658
0.0101586
0.0102499
0.0103396
0.0104277
0.0105143
0.0105994
0.0106829
0.010765
0.0108455
0.0109246
0.0110022
0.0110784
0.0111532
0.0112265
0.0112984
0.0113689
0.011438
0.0115058
0.0115721
0.0116372
0.0117009
0.0117633
0.0118243
0.0118841
0.0119426
0.0119998
0.0120557
0.0121104
0.0121639
0.0122162
0.0122672
0.012317
0.0123657
0.0124131
0.0124594
0.0125046
0.0125486
0.0125915
0.0126332
0.0126739
0.0127134
0.0127519
0.0127893
0.0128257
0.012861
0.0128952
0.0129284
0.0129606
0.0129918
0.013022
0.0130512
0.0130794
0.0131067
0.013133
0.0131584
0.0131828
0.0132063
0.0132289
0.0132505
0.0132713
0.0132912
0.0133102
0.0133283
0.0133456
0.013362
0.0133776
0.0133923
0.0134063
0.0134194
0.0134316
0.0134431
0.0134538
0.0134638
0.0134729
0.0134813
0.0134889
0.0134957
0.0135019
0.0135073
0.0135119
0.0135158
0.0135191
0.0135216
0.0135234
0.0135245
0.013525
0.0135248
0.0135239
0.0135223
0.0135201
0.0135172
0.0135137
0.0135096
0.0135048
0.0134994
0.0134934
0.0134868
0.0134796
0.0134718
0.0134634
0.0134544
0.0134448
0.0134347
0.013424
0.0134127
0.0134009
0.0133885
0.0133756
0.0133621
0.0133481
0.0133336
0.0133186
0.013303
0.013287
0.0132704
0.0132533
0.0132357
0.0132177
0.0131991
0.0131801
0.0131606
0.0131406
0.0131201
0.0130992
0.0130778
0.013056
0.0130337
0.013011
0.0129878
0.0129642
0.0129402
0.0129158
0.0128909
0.0128656
0.0128399
0.0128137
0.0127872
0.0127602
0.0127329
0.0127052
0.0126771
0.0126485
0.0126196
0.0125904
0.0125607
0.0125307
0.0125003
0.0124695
0.0124384
0.0124069
0.0123751
0.0123429
0.0123103
0.0122775
0.0122442
0.0122107
0.0121768
0.0121425
0.012108
0.0120731
0.0120378
0.0120023
0.0119665
0.0119303
0.0118938
0.011857
0.0118199
0.0117825
0.0117448
0.0117068
0.0116685
0.01163
0.0115911
0.0115519
0.0115125
0.0114728
0.0114328
0.0113925
0.011352
0.0113111
0.01127
0.0112287
0.0111871
0.0111452
0.0111031
0.0110607
0.011018
0.0109751
0.010932
0.0108886
0.0108449
0.010801
0.0107569
0.0107125
0.0106679
0.0106231
0.010578
0.0105327
0.0104872
0.0104414
0.0103955
0.0103493
0.0103028
0.0102562
0.0102093
0.0101623
0.010115
0.0100675
0.0100198
0.00997188
0.00992376
0.00987544
0.00982692
0.0097782
0.00972928
0.00968017
0.00963086
0.00958136
0.00953166
0.00948178
0.00943171
0.00938145
0.00933101
0.00928038
0.00922957
0.00917858
0.00912742
0.00907607
0.00902456
0.00897286
0.008921
0.00886896
0.00881676
0.00876438
0.00871184
0.00865914
0.00860627
0.00855324
0.00850004
0.00844669
0.00839318
0.00833951
0.00828973
0.00823577
0.00818165
0.00812738
0.00807295
0.00801838
0.00796366
0.0079088
0.00785379
0.00779863
0.00774333
0.00768789
0.00763231
0.00757659
0.00752074
0.00746474
0.00740861
0.00735234
0.00729594
0.00723941
0.00718274
0.00712595
0.00706902
0.00701197
0.00695479
0.00689749
0.00684006
0.0067825
0.00672482
0.00666702
0.0066091
0.00655106
0.0064929
0.00643462
0.00637623
0.00631772
0.00625909
0.00620035
0.0061415
0.00608253
0.00602346
0.00596427
0.00590497
0.00584557
0.00578606
0.00572644
0.00566671
0.00560688
0.00554695
0.00548691
0.00542677
0.00536653
0.00530618
0.00524574
0.0051852
0.00512456
0.00506382
0.00500299
0.00494206
0.00488103
0.00481991
0.0047587
0.00469739
0.004636
0.00457451
0.00451293
0.00445126
0.0043895
0.00432765
0.00426572
0.0042037
0.00414159
0.0040794
0.00401712
0.00395476
0.00389231
0.00382979
0.00376718
0.00370449
0.00364172
0.00357886
0.00351593
0.00345292
0.00338984
0.00332667
0.00326343
0.00320012
0.00313672
0.00307326
0.00300971
0.0029461
0.00288241
0.00281865
0.00275482
0.00269091
0.00262694
0.0025629
0.00249878
0.0024346
0.00237035
0.00230603
0.00224165
0.00217719
0.00211268
0.00204809
0.00198344
0.00191873
0.00185395
0.00178911
0.00172421
0.00165924
0.00159422
0.00152913
0.00146398
0.00139877
0.0013335
0.00126817
0.00120279
0.00113734
0.00107184
0.00100628
0.000940663
0.00087499
0.000809262
0.000743478
0.000677639
0.000611745
0.000545798
0.000479797
0.000413743
0.000347637
0.000281478
0.000215268
0.000149007
8.26947e-005
1.63322e-005
-5.00802e-005
-0.000116542
-0.000183053
-0.000249613
-0.000316221
-0.000382876
-0.000449579
-0.00051633
-0.000583126
-0.000649969
-0.000716858
-0.000783792
-0.00085077
-0.000917794
-0.000984862
-0.00105197
-0.00111913
-0.00118633
-0.00125357
-0.00132085
-0.00138817
-0.00145554
-0.00152295
-0.0015904
-0.00165788
-0.00172541
-0.00179298
-0.00186059
-0.00192824
-0.00199592
-0.00206365
-0.00213141
-0.00219921
-0.00226704
-0.00233492
-0.00240283
-0.00247077
-0.00253876
-0.00260677
-0.00267483
-0.00274292
-0.00281104
-0.00287919
-0.00294739
-0.00301561
-0.00308387
-0.00315216
-0.00322048
-0.00328884
-0.00335723
-0.00342565
-0.0034941
-0.00356258
-0.0036311
-0.00369964
-0.00376821
-0.00383682
-0.00390545
-0.00397412
-0.00404281
-0.00411153
-0.00418028
-0.00424906
-0.00431787
-0.0043867
-0.00445556
-0.00452445
-0.00459337
-0.00466231
-0.00473128
-0.00480027
-0.0048693
-0.00493834
-0.00500741
-0.00507651
-0.00514563
-0.00521478
-0.00528395
-0.00535314
-0.00542236
-0.00549161
-0.00556087
-0.00563016
-0.00569947
-0.0057688
-0.00583816
-0.00590754
-0.00597694
-0.00604636
-0.0061158
-0.00618527
-0.00625475
-0.00632426
-0.00639378
-0.00646333
-0.0065329
-0.00660248
-0.00667209
-0.00674171
-0.00681136
-0.00688102
-0.0069507
-0.0070204
-0.00709012
-0.00715986
-0.00722961
-0.00729938
-0.00736917
-0.00743898
-0.0075088
-0.00757864
-0.0076485
-0.00771837
-0.00778826
-0.00785817
-0.00792809
-0.00799802
-0.00806797
-0.00813794
-0.00820792
-0.00827792
-0.00834793
-0.00841796
-0.008488
-0.00855805
-0.00862812
-0.0086982
-0.00876829
-0.0088384
-0.00890852
-0.00897865
-0.0090488
-0.00911896
-0.00918913
-0.00925931
-0.00932951
-0.00939972
-0.00946993
-0.00954016
-0.00961041
-0.00968066
-0.00975092
-0.0098212
-0.00989148
-0.00996178
-0.0100321
-0.0101024
-0.0101727
-0.0102431
-0.0103134
-0.0103838
-0.0104541
-0.0105245
-0.0105949
-0.0106653
-0.0107357
-0.0108061
-0.0108765
-0.0109469
-0.0110173
-0.0110878
-0.0111582
-0.0112287
-0.0112991
-0.0113696
-0.0114401
-0.0115106
-0.0115811
-0.0116516
-0.0117221
-0.0117926
-0.0118631
-0.0119336
-0.0120042
-0.0120747
-0.0121452
-0.0122158
-0.0122863
-0.0123569
-0.0124274
-0.012498
-0.0125686
-0.0126392
-0.0127097
-0.0127803
-0.0128509
-0.0129215
-0.0129921
-0.0130627
-0.0131333
-0.0132039
-0.0132745
-0.0133451
-0.0134158
-0.0134864
-0.013557
-0.0136276
-0.0136983
-0.0137689
-0.0138395
-0.0139102
-0.0139808
-0.0140515
-0.0141221
-0.0141928
-0.0142634
-0.0143341
-0.0144047
-0.0144754
-0.014546
-0.0146167
-0.0146873
-0.014758
-0.0148286
-0.0148993
-0.01497
-0.0150406
-0.0151113
-0.0151819
-0.0152526
-0.0152886
-0.0153593
-0.01543
-0.0155006
-0.0155713
-0.0156419
-0.0157126
-0.0157833
-0.0158539
-0.0159246
-0.0159952
-0.0160659
-0.0161366
-0.0162072
-0.0162779
-0.0163485
-0.0164192
-0.0164898
-0.0165605
-0.0166311
-0.0167017
-0.0167724
-0.016843
-0.0169137
-0.0169843
-0.0170549
-0.0171256
-0.0171962
-0.0172668
-0.0173374
-0.017408
-0.0174787
-0.0175493
-0.0176199
-0.0176905
-0.0177611
-0.0178317
-0.0179023
-0.0179729
-0.0180435
-0.018114
-0.0181846
-0.0182552
-0.0183258
-0.0183963
-0.0184669
-0.0185375
-0.018608
-0.0186786
-0.0187491
-0.0188196
-0.0188902
-0.0189607
-0.0190312
-0.0191018
-0.0191723
-0.0192428
-0.0193133
-0.0193838
-0.0194543
-0.0195248
-0.0195953
-0.0196657
-0.0197362
-0.0198067
-0.0198771
-0.0199476
-0.020018
-0.0200885
-0.0201589
-0.0202293
-0.0202998
-0.0203702
-0.0204406
-0.020511
-0.0205814
-0.0206518
-0.0207222
-0.0207925
-0.0208629
-0.0209333
-0.0210036
-0.021074
-0.0211443
-0.0212147
-0.021285
-0.0213553
-0.0214256
-0.0214959
-0.0215662
-0.0216365
-0.0217068
-0.0217771
-0.0218473
-0.0219176
-0.0219878
-0.0220581
-0.0221283
-0.0221985
-0.0222687
-0.022339
-0.0224092
-0.0224793
-0.0225495
-0.0226197
-0.0226899
-0.02276
-0.0228302
-0.0229003
-0.0229704
-0.0230405
-0.0231107
-0.0231808
-0.0232509
-0.0233209
-0.023391
-0.0234611
-0.0235311
-0.0236012
-0.0236712
-0.0237412
-0.0238112
-0.0238813
-0.0239512
-0.0240212
-0.0240912
-0.0241612
-0.0242311
-0.0243011
-0.024371
-0.0244409
-0.0245109
-0.0245808
-0.0246507
-0.0247205
-0.0247904
-0.0248603
-0.0249301
-0.025
-0.0250698
-0.0251396
-0.0252094
-0.0252792
-0.025349
-0.0254188
-0.0254885
-0.0255583
-0.025628
-0.0256978
-0.0257675
-0.0258372
-0.0259069
-0.0259766
-0.0260463
-0.0261159
-0.0261856
-0.0262552
-0.0263248
-0.0263945
-0.0264641
-0.0265337
-0.0266032
-0.0266728
-0.0267424
-0.0268119
-0.0268814
-0.0269509
-0.0270205
-0.02709
-0.0271594
-0.0272289
-0.0272984
-0.0273678
-0.0274372
-0.0275067
-0.0275761
-0.0276455
-0.0277148
-0.0277842
-0.0278536
-0.0279229
-0.0279922
-0.0280616
-0.0281309
-0.0282002
-0.0282694
-0.0283387
-0.028408
-0.0284772
-0.0285464
-0.0286156
-0.0286848
-0.028754
-0.0288232
-0.0288924
-0.0289615
-0.0290306
-0.0290998
-0.0291689
-0.029238
-0.029307
-0.0293761
-0.0294451
-0.0295142
-0.0295832
-0.0296522
-0.0297212
-0.0297902
-0.0298592
-0.0299281
-0.029997
-0.030066
-0.0301349
-0.0302038
-0.0302727
-0.0303415
-0.0304104
-0.0304792
-0.030548
-0.0306168
-0.0306856
-0.0307544
-0.0308232
-0.0308919
-0.0309607
-0.0310294
-0.0310981
-0.0311668
-0.0312355
-0.0313041
-0.0313728
-0.0314414
-0.03151
-0.0315786
-0.0316472
-0.0317158
-0.0317844
-0.0318529
-0.0319214
-0.0319899
-0.0320584
-0.0321269
-0.0321954
-0.0322638
-0.0323323
-0.0324007
-0.0324691
-0.0325375
-0.0326059
-0.0326742
-0.0327426
-0.0328109
-0.0328792
-0.0329475
-0.0330158
-0.033084
-0.0331523
-0.0332205
-0.0332887
-0.0333569
-0.0334251
-0.0334933
-0.0335614
-0.0336296
-0.0336977
-0.0337658
-0.0338339
-0.0339019
-0.03397
-0.034038
-0.0341061
-0.0341741
-0.0342421
-0.03431
-0.034378
-0.0344459
-0.0345139
-0.0345818
-0.0346497
-0.0347175
-0.0347854
-0.0348532
-0.0349211
-0.0349889
-0.0350567
-0.0351244
-0.0351922
-0.0352599
-0.0353277
-0.0353954
-0.0354631
-0.0355307
-0.0355984
-0.035666
-0.0357337
-0.0358013
-0.0358689
-0.0359364
-0.036004
-0.0360715
-0.036139
-0.0362065
-0.036274
-0.0363415
-0.036409
-0.0364764
-0.0365438
-0.0366112
-0.0366786
-0.036746
-0.0368133
-0.0368806
-0.0369479
-0.0370152
-0.0370825
-0.0371498
-0.037217
-0.0372842
-0.0373515
-0.0374186
-0.0374858
-0.037553
-0.0376201
-0.0376872
-0.0377543
-0.0378214
-0.0378885
-0.0379555
-0.0380225
-0.0380896
-0.0381566
-0.0382235
-0.0382905
-0.0383574
-0.0384243
-0.0384913
-0.0385581
-0.038625
-0.0386919
-0.0387587
-0.0388255
-0.0388923
-0.0389591
-0.0390258
-0.0390926
-0.0391593
-0.039226
-0.0392927
-0.0393593
-0.039426
-0.0394926
-0.0395592
-0.0396258
-0.0396924
-0.039759
-0.0398255
-0.039892
-0.0399585
-0.040025
-0.0400915
-0.0401579
-0.0402243
-0.0402907
-0.0403571
-0.0404235
-0.0404898
-0.0405562
-0.0406225
-0.0406888
-0.040755
-0.0408213
-0.0408875
-0.0409538
-0.04102
-0.0410861
-0.0411523
-0.0412184
-0.0412846
-0.0413507
-0.0414168
-0.0414828
-0.0415489
-0.0416149
-0.0416809
-0.0417469
-0.0418129
-0.0418788
-0.0419447
-0.0420107
-0.0420766
-0.0421424
-0.0422083
-0.0422741
-0.0423399
-0.0424057
-0.0424715
-0.0425373
-0.042603
-0.0426687
-0.0427344
-0.0428001
-0.0428658
-0.0429314
-0.042997
-0.0430626
-0.0431282
-0.0431938
-0.0432338
-0.0432993
-0.0433648
-0.0434303
-0.0434958
-0.0435612
-0.0436266
-0.0436921
-0.0437574
-0.0438228
-0.0438882
-0.0439535
-0.0440188
-0.0440841
-0.0441494
-0.0442146
-0.0442799
-0.0443451
-0.0444103
-0.0444755
-0.0445406
-0.0446057
-0.0446709
-0.044736
-0.044801
-0.0448661
-0.0449311
-0.0449961
-0.0450611
-0.0451261
-0.045191
-0.045256
-0.0453209
-0.0453858
-0.0454507
-0.0455155
-0.0455803
-0.0456452
-0.0457099
-0.0457747
-0.0458395
-0.0459042
-0.0459689
-0.0460336
-0.0460983
-0.0461629
-0.0462275
-0.0462921
-0.0463567
-0.0464213
-0.0464858
-0.0465504
-0.0466149
-0.0466794
-0.0467438
-0.0468083
-0.0468727
-0.0469371
-0.0470015
-0.0470658
-0.0471302
-0.0471945
-0.0472588
-0.0473231
-0.0473873
-0.0474516
-0.0475158
-0.04758
-0.0476441
-0.0477083
-0.0477724
-0.0478365
-0.0479006
-0.0479647
-0.0480287
-0.0480928
-0.0481568
-0.0482208
-0.0482847
-0.0483487
-0.0484126
-0.0484765
-0.0485404
-0.0486042
-0.0486681
-0.0487319
-0.0487957
-0.0488595
-0.0489232
-0.048987
-0.0490507
-0.0491144
-0.049178
-0.0492417
-0.0493053
-0.0493689
-0.0494325
-0.0494961
-0.0495596
-0.0496231
-0.0496866
-0.0497501
-0.0498136
-0.049877
-0.0499404
-0.0500038
-0.0500672
-0.0501305
-0.0501939
-0.0502572
-0.0503205
-0.0503837
-0.050447
-0.0505102
-0.0505734
-0.0506366
-0.0506997
-0.0507629
-0.050826
-0.0508891
-0.0509522
-0.0510152
-0.0510782
-0.0511413
-0.0512042
-0.0512672
-0.0513301
-0.0513931
-0.051456
-0.0515188
-0.0515817
-0.0516445
-0.0517073
-0.0517701
-0.0518329
-0.0518957
-0.0519584
-0.0520211
-0.0520838
-0.0521464
-0.0522091
-0.0522717
-0.0523343
-0.0523969
-0.0524594
-0.0525219
-0.0525844
-0.0526469
-0.0527094
-0.0527718
-0.0528343
-0.0528966
-0.052959
-0.0530214
-0.0530837
-0.053146
-0.0532083
-0.0532706
-0.0533328
-0.053395
-0.0534572
-0.0535194
-0.0535816
-0.0536437
-0.0537058
-0.0537679
-0.05383
-0.053892
-0.053954
-0.0540161
-0.054078
-0.05414
-0.0542019
-0.0542638
-0.0543257
-0.0543876
-0.0544494
-0.0545113
-0.0545731
-0.0546348
-0.0546966
-0.0547583
-0.05482
-0.0548817
-0.0549434
-0.055005
-0.0550667
-0.0551283
-0.0551898
-0.0552514
-0.0553129
-0.0553744
-0.0554359
-0.0554974
-0.0555588
-0.0556203
-0.0556817
-0.055743
-0.0558044
-0.0558657
-0.055927
-0.0559883
-0.0560496
-0.0561108
-0.056172
-0.0562332
-0.0562944
-0.0563556
-0.0564167
-0.0564778
-0.0565389
-0.0565999
-0.056661
-0.056722
-0.056783
-0.056844
-0.0569049
-0.0569658
-0.0570267
-0.0570876
-0.0571485
-0.0572093
-0.0572701
-0.0573309
-0.0573917
-0.0574524
-0.0575131
-0.0575738
-0.0576345
-0.0576951
-0.0577558
-0.0578164
-0.057877
-0.0579375
-0.0579981
-0.0580586
-0.0581191
-0.0581795
-0.05824
-0.0583004
-0.0583608
-0.0584212
-0.0584815
-0.0585419
-0.0586022
-0.0586625
-0.0587227
-0.058783
-0.0588432
-0.0589034
-0.0589635
-0.0590237
-0.0590838
-0.0591439
-0.059204
-0.059264
-0.0593241
-0.0593841
-0.0594441
-0.059504
-0.059564
-0.0596239
-0.0596838
-0.0597436
-0.0598035
-0.0598633
-0.0599231
-0.0599829
-0.0600427
-0.0601024
-0.0601621
-0.0602218
-0.0602814
-0.0603411
-0.0604007
-0.0604603
-0.0605198
-0.0605794
-0.0606389
-0.0606984
-0.0607579
-0.0608173
-0.0608768
-0.0609362
-0.0609956
-0.0610549
-0.0611142
-0.0611736
-0.0612328
-0.0612921
-0.0613514
-0.0614106
-0.0614698
-0.0615289
-0.0615881
-0.0616472
-0.0617063
-0.0617654
-0.0618244
-0.0618835
-0.0619425
-0.0620015
-0.0620604
-0.0621194
-0.0621783
-0.0622372
-0.062296
-0.0623549
-0.0624137
-0.0624725
-0.0625312
-0.06259
-0.0626487
-0.0627074
-0.0627661
-0.0628248
-0.0628834
-0.062942
-0.0630006
-0.0630591
-0.0631177
-0.0631762
-0.0632347
-0.0632931
-0.0633516
-0.06341
-0.0634684
-0.0635267
-0.0635851
-0.0636434
-0.0637017
-0.06376
-0.0638182
-0.0638765
-0.0639347
-0.0639928
-0.064051
-0.0641091
-0.0641672
-0.0642253
-0.0642834
-0.0643414
-0.0643994
-0.0644574
-0.0645154
-0.0645733
-0.0646312
-0.0646891
-0.064747
-0.0648048
-0.0648627
-0.0649205
-0.0649782
-0.065036
-0.0650937
-0.0651514
-0.0652091
-0.0652667
-0.0653244
-0.065382
-0.0654396
-0.0654971
-0.0655547
-0.0656122
-0.0656696
-0.0657271
-0.0657845
-0.065842
-0.0658993
-0.0659567
-0.0660141
-0.0660714
-0.0661287
-0.0661859
-0.0662432
-0.0663004
-0.0663576
-0.0664148
-0.0664719
-0.066529
-0.0665861
-0.0666432
-0.0667003
-0.0667573
-0.0668143
-0.0668713
-0.0669282
-0.0669852
-0.0670421
-0.0670989
-0.0671558
-0.0672126
-0.0672694
-0.0673262
-0.067383
-0.0674397
-0.0674964
-0.0675531
-0.0676098
-0.0676664
-0.067723
-0.0677796
-0.0678362
-0.0678927
-0.0679493
-0.0680057
-0.0680622
-0.0681187
-0.0681751
-0.0682315
-0.0682878
-0.0683442
-0.0684005
-0.0684568
-0.0685131
-0.0685693
-0.0686256
-0.0686818
-0.0687379
-0.0687941
-0.0688502
-0.0689063
-0.0689624
-0.0690184
-0.0690745
-0.0691305
-0.0691865
-0.0692424
-0.0692983
-0.0693542
-0.0694101
-0.069466
-0.0695218
-0.0695776
-0.0696334
-0.0696892
-0.0697449
-0.0698006
-0.0698563
-0.0699119
-0.0699676
-0.0700232
-0.0700788
-0.0701343
-0.0701899
-0.0702454
-0.0703009
-0.0703563
-0.0704118
-0.0704672
-0.0705226
-0.0705779
-0.0706333
-0.0706886
-0.0707439
-0.0707992
-0.0708544
-0.0709096
-0.0709648
-0.07102
-0.0710751
-0.0711302
-0.0711853
-0.0712404
-0.0712954
-0.0713504
-0.0714054
-0.0714604
-0.0715153
-0.0715703
-0.0716251
-0.07168
-0.0717349
-0.0717897
-0.0718445
-0.0718992
-0.071954
-0.0720087
-0.0720634
-0.0721181
-0.0721727
-0.0722273
-0.0722819
-0.0723365
-0.072391
-0.0724456
-0.0725
-0.0725545
-0.072609
-0.0726634
-0.0727178
-0.0727721
-0.0728265
-0.0728808
-0.0729351
-0.0729894
-0.0730436
-0.0730978
-0.073152
-0.0732062
-0.0732603
-0.0733145
-0.0733685
-0.0734226
-0.0734767
-0.0735307
-0.0735847
-0.0736386
-0.0736926
-0.0737465
-0.0738004
-0.0738543
-0.0739081
-0.0739619
-0.0740157
-0.0740695
-0.0741232
-0.0741769
-0.0742306
-0.0742843
-0.0743379
-0.0743915
-0.0744451
-0.0744987
-0.0745522
-0.0746058
-0.0746592
-0.0747127
-0.0747661
-0.0748196
-0.074873
-0.0749263
-0.0749797
-0.075033
-0.0750862
-0.0751395
-0.0751927
-0.075246
-0.0752991
-0.0753523
-0.0754054
-0.0754585
-0.0755116
-0.0755647
-0.0756177
-0.0756707
-0.0757237
-0.0757767
-0.0758296
-0.0758825
-0.0759354
-0.0759882
-0.0760411
-0.0760939
-0.0761467
-0.0761994
-0.0762521
-0.0763048
-0.0763575
-0.0764102
-0.0764628
-0.0765154
-0.076568
-0.0766205
-0.076673
-0.0767255
-0.076778
-0.0768305
-0.0768829
-0.0769353
-0.0769877
-0.07704
-0.0770923
-0.0771446
-0.0771969
-0.0772491
-0.0773013
-0.0773535
-0.0774057
-0.0774578
-0.07751
-0.077562
-0.0776141
-0.0776661
-0.0777182
-0.0777701
-0.0778221
-0.077874
-0.0779259
-0.0779778
-0.0780297
-0.0780815
-0.0781333
-0.0781851
-0.0782369
-0.0782886
-0.0783403
-0.078392
-0.0784436
-0.0784952
-0.0785468
-0.0785984
-0.07865
-0.0787015
-0.078753
-0.0788045
-0.0788559
-0.0789073
-0.0789587
-0.0790101
-0.0790614
-0.0791127
-0.079164
-0.0792153
-0.0792665
-0.0793177
-0.0793689
-0.0794201
-0.0794712
-0.0795223
-0.0795734
-0.0796245
-0.0796755
-0.0797265
-0.0797775
-0.0798284
-0.0798794
-0.0799303
-0.0799811
-0.080032
-0.0800828
-0.0801336
-0.0801844
-0.0802351
-0.0802859
-0.0803365
-0.0803872
-0.0804379
-0.0804885
-0.0805391
-0.0805896
-0.0806402
-0.0806907
-0.0807412
-0.0807916
-0.080842
-0.0808924
-0.0809428
-0.0809932
-0.0810435
-0.0810938
-0.0811441
-0.0811943
-0.0812446
-0.0812948
-0.0813449
-0.0813951
-0.0814452
-0.0814953
-0.0815453
-0.0815954
-0.0816454
-0.0816954
-0.0817454
-0.0817953
-0.0818452
-0.0818951
-0.0819449
-0.0819948
-0.0820446
-0.0820943
-0.0821441
-0.0821938
-0.0822435
-0.0822932
-0.0823428
-0.0823925
-0.0824421
-0.0824916
-0.0825412
-0.0825907
-0.0826402
-0.0826896
-0.0827391
-0.0827885
-0.0828379
-0.0828872
-0.0829365
-0.0829858
-0.0830351
-0.0830844
-0.0831336
-0.0831828
-0.083232
-0.0832811
-0.0833302
-0.0833793
-0.0834284
-0.0834774
-0.0835264
-0.0835754
-0.0836244
-0.0836733
-0.0837222
-0.0837711
-0.0838199
-0.0838688
-0.0839176
-0.0839663
-0.0840151
-0.0840638
-0.0841125
-0.0841612
-0.0842098
-0.0842584
-0.084307
-0.0843556
-0.0844041
-0.0844526
-0.0845011
-0.0845496
-0.084598
-0.0846464
-0.0846948
-0.0847431
-0.0847914
-0.0848397
-0.084888
-0.0849362
-0.0849844
-0.0850326
-0.0850808
-0.0851289
-0.085177
-0.0852251
-0.0852732
-0.0853212
-0.0853692
-0.0854172
-0.0854651
-0.085513
-0.0855609
-0.0856088
-0.0856566
-0.0857045
-0.0857522
-0.0858
-0.0858477
-0.0858954
-0.0859431
-0.0859908
-0.0860384
-0.086086
-0.0861336
-0.0861811
-0.0862286
-0.0862761
-0.0863236
-0.086371
-0.0864184
-0.0864658
-0.0865132
-0.0865605
-0.0866078
-0.0866525
-0.0866997
-0.0867469
-0.0867941
-0.0868413
-0.0868884
-0.0869356
-0.0869827
-0.0870297
-0.0870767
-0.0871238
-0.0871707
-0.0872177
-0.0872646
-0.0873115
-0.0873584
-0.0874052
-0.087452
-0.0874988
-0.0875456
-0.0875923
-0.087639
-0.0876857
-0.0877324
-0.087779
-0.0878256
-0.0878722
-0.0879187
-0.0879652
-0.0880117
-0.0880582
-0.0881046
-0.088151
-0.0881974
-0.0882438
-0.0882901
-0.0883364
-0.0883827
-0.0884289
-0.0884752
-0.0885213
-0.0885675
-0.0886136
-0.0886598
-0.0887058
-0.0887519
-0.0887979
-0.0888439
-0.0888899
-0.0889358
-0.0889818
-0.0890277
-0.0890735
-0.0891194
-0.0891652
-0.089211
-0.0892567
-0.0893024
-0.0893481
-0.0893938
-0.0894395
-0.0894851
-0.0895307
-0.0895762
-0.0896218
-0.0896673
-0.0897128
-0.0897582
-0.0898036
-0.089849
-0.0898944
-0.0899397
-0.0899851
-0.0900304
-0.0900756
-0.0901208
-0.0901661
-0.0902112
-0.0902564
-0.0903015
-0.0903466
-0.0903917
-0.0904367
-0.0904817
-0.0905267
-0.0905717
-0.0906166
-0.0906615
-0.0907064
-0.0907512
-0.090796
-0.0908408
-0.0908856
-0.0909303
-0.090975
-0.0910197
-0.0910644
-0.091109
-0.0911536
-0.0911982
-0.0912427
-0.0912872
-0.0913317
-0.0913762
-0.0914206
-0.091465
-0.0915094
-0.0915538
-0.0915981
-0.0916424
-0.0916866
-0.0917309
-0.0917751
-0.0918193
-0.0918634
-0.0919075
-0.0919516
-0.0919957
-0.0920398
-0.0920838
-0.0921278
-0.0921717
-0.0922156
-0.0922596
-0.0923034
-0.0923473
-0.0923911
-0.0924349
-0.0924787
-0.0925224
-0.0925661
-0.0926098
-0.0926534
-0.0926971
-0.0927406
-0.0927842
-0.0928278
-0.0928713
-0.0929148
-0.0929582
-0.0930016
-0.093045
-0.0930884
-0.0931318
-0.0931751
-0.0932184
-0.0932616
-0.0933048
-0.0933481
-0.0933912
-0.0934344
-0.0934775
-0.0935206
-0.0935636
-0.0936067
-0.0936497
-0.0936927
-0.0937356
-0.0937785
-0.0938214
-0.0938643
-0.0939071
-0.0939499
-0.0939927
-0.0940355
-0.0940782
-0.0941209
-0.0941636
-0.0942062
-0.0942488
-0.0942914
-0.094334
-0.0943765
-0.094419
-0.0944615
-0.0945039
-0.0945463
-0.0945887
-0.0946311
-0.0946734
-0.0947157
-0.094758
-0.0948002
-0.0948424
-0.0948846
-0.0949268
-0.0949689
-0.095011
-0.0950531
-0.0950951
-0.0951371
-0.0951791
-0.0952211
-0.095263
-0.0953049
-0.0953468
-0.0953886
-0.0954304
-0.0954722
-0.095514
-0.0955557
-0.0955974
-0.0956391
-0.0956807
-0.0957224
-0.095764
-0.0958055
-0.095847
-0.0958885
-0.09593
-0.0959715
-0.0960129
-0.0960543
-0.0960956
-0.096137
-0.0961783
-0.0962195
-0.0962608
-0.096302
-0.0963432
-0.0963843
-0.0964255
-0.0964666
-0.0965077
-0.0965487
-0.0965897
-0.0966307
-0.0966717
-0.0967126
-0.0967535
-0.0967944
-0.0968352
-0.096876
-0.0969168
-0.0969576
-0.0969983
-0.097039
-0.0970797
-0.0971203
-0.0971609
-0.0972015
-0.097242
-0.0972826
-0.0973231
-0.0973635
-0.097404
-0.0974444
-0.0974848
-0.0975251
-0.0975654
-0.0976057
-0.097646
-0.0976862
-0.0977264
-0.0977666
-0.0978068
-0.0978469
-0.097887
-0.097927
-0.0979671
-0.0980071
-0.098047
-0.098087
-0.0981269
-0.0981668
-0.0982067
-0.0982465
-0.0982863
-0.0983261
-0.0983658
-0.0984055
-0.0984452
-0.0984849
-0.0985245
-0.0985641
-0.0986036
-0.0986432
-0.0986827
-0.0987222
-0.0987616
-0.098801
-0.0988404
-0.0988798
-0.0989191
-0.0989584
-0.0989977
-0.099037
-0.0990762
-0.0991154
-0.0991545
-0.0991936
-0.0992327
-0.0992718
-0.0993108
-0.0993499
-0.0993888
-0.0994278
-0.0994667
-0.0995056
-0.0995445
-0.0995833
-0.0996221
-0.0996609
-0.0996996
-0.0997383
-0.099777
-0.0998157
-0.0998543
-0.0998929
-0.0999315
-0.09997
-0.100009
-0.100047
-0.100085
-0.100124
-0.100162
-0.100201
-0.100239
-0.100277
-0.100316
-0.100354
-0.100392
-0.10043
-0.100468
-0.100506
-0.100545
-0.100583
-0.100621
-0.100659
-0.100697
-0.100735
-0.100773
-0.10081
-0.100848
-0.100886
-0.100924
-0.100962
-0.100999
-0.101037
-0.101075
-0.101112
-0.10115
-0.101188
-0.101225
-0.101263
-0.1013
-0.101338
-0.101375
-0.101413
-0.10145
-0.101487
-0.101525
-0.101562
-0.101599
-0.101636
-0.101674
-0.101711
-0.101748
-0.101785
-0.101822
-0.101859
-0.101896
-0.101933
-0.10197
-0.102007
-0.102044
-0.102081
-0.102118
-0.102155
-0.102191
-0.102228
-0.102265
-0.102301
-0.102338
-0.102375
-0.102411
-0.102448
-0.102484
-0.102521
-0.102557
-0.102594
-0.10263
-0.102667
-0.102703
-0.102739
-0.102776
-0.102812
-0.102848
-0.102884
-0.102921
-0.102957
-0.102993
-0.103029
-0.103065
-0.103101
-0.103137
-0.103173
-0.103209
-0.103245
-0.103281
-0.103317
-0.103352
-0.103388
-0.103424
-0.10346
-0.103495
-0.103531
-0.103567
-0.103602
-0.103638
-0.103673
-0.103709
-0.103744
-0.10378
-0.103815
-0.103851
-0.103886
-0.103921
-0.103957
-0.103992
-0.104027
-0.104062
-0.104097
-0.104133
-0.104168
-0.104203
-0.104238
-0.104273
-0.104308
-0.104343
-0.104378
-0.104413
-0.104447
-0.104482
-0.104517
-0.104552
-0.104587
-0.104621
-0.104656
-0.104691
-0.104725
-0.10476
-0.104794
-0.104829
-0.104863
-0.104898
-0.104932
-0.104967
-0.105001
-0.105035
-0.10507
-0.105104
-0.105138
-0.105172
-0.105207
-0.105241
-0.105275
-0.105309
-0.105343
-0.105377
-0.105411
-0.105445
-0.105479
-0.105513
-0.105547
-0.105581
-0.105615
-0.105648
-0.105682
-0.105716
-0.105749
-0.105783
-0.105817
-0.10585
-0.105884
-0.105917
-0.105951
-0.105984
-0.106018
-0.106051
-0.106085
-0.106118
-0.106151
-0.106185
-0.106218
-0.106251
-0.106284
-0.106317
-0.106351
-0.106384
-0.106417
-0.10645
-0.106483
-0.106516
-0.106549
-0.106582
-0.106614
-0.106647
-0.10668
-0.106713
-0.106746
-0.106778
-0.106811
-0.106844
-0.106876
-0.106909
-0.106941
-0.106974
-0.107006
-0.107039
-0.107071
-0.107104
-0.107136
-0.107168
-0.107201
-0.107233
-0.107265
-0.107297
-0.10733
-0.107362
-0.107394
-0.107426
-0.107458
-0.10749
-0.107522
-0.107554
-0.107586
-0.107618
-0.10765
-0.107682
-0.107713
-0.107745
-0.107777
-0.107809
-0.10784
-0.107872
-0.107903
-0.107935
-0.107967
-0.107998
-0.10803
-0.108061
-0.108092
-0.108124
-0.108155
-0.108187
-0.108218
-0.108249
-0.10828
-0.108311
-0.108343
-0.108374
-0.108405
-0.108436
-0.108467
-0.108498
-0.108529
-0.10856
-0.108591
-0.108622
-0.108652
-0.108683
-0.108714
-0.108745
-0.108775
-0.108806
-0.108837
-0.108867
-0.108898
-0.108929
-0.108959
-0.10899
-0.10902
-0.10905
-0.109081
-0.109111
-0.109141
-0.109172
-0.109202
-0.109232
-0.109262
-0.109293
-0.109323
-0.109353
-0.109383
-0.109413
-0.109443
-0.109473
-0.109503
-0.109533
-0.109563
-0.109592
-0.109622
-0.109652
-0.109682
-0.109711
-0.109741
-0.109771
-0.1098
-0.10983
-0.109859
-0.109889
-0.109918
-0.109948
-0.109977
-0.110007
-0.110036
-0.110065
-0.110095
-0.110124
-0.110153
-0.110182
-0.110211
-0.11024
-0.110269
-0.110299
-0.110328
-0.110357
-0.110385
-0.110414
-0.110443
-0.110472
-0.110501
-0.11053
-0.110558
-0.110587
-0.110616
-0.110645
-0.110673
-0.110702
-0.11073
-0.110759
-0.110787
-0.110816
-0.110844
-0.110873
-0.110901
-0.110929
-0.110957
-0.110986
-0.111014
-0.111042
-0.11107
-0.111098
-0.111126
-0.111155
-0.111183
-0.111211
-0.111238
-0.111266
-0.111294
-0.111322
-0.11135
-0.111378
-0.111405
-0.111433
-0.111461
-0.111489
-0.111516
-0.111544
-0.111571
-0.111599
-0.111626
-0.111654
-0.111681
-0.111709
-0.111736
-0.111763
-0.11179
-0.111818
-0.111845
-0.111872
-0.111899
-0.111926
-0.111953
-0.11198
-0.112008
-0.112034
-0.112061
-0.112088
-0.112115
-0.112142
-0.112169
-0.112196
-0.112222
-0.112249
-0.112276
-0.112302
-0.112329
-0.112356
-0.112382
-0.112409
-0.112435
-0.112462
-0.112488
-0.112514
-0.112541
-0.112567
-0.112593
-0.112619
-0.112646
-0.112672
-0.112698
-0.112724
-0.11275
-0.112776
-0.112802
-0.112828
-0.112854
-0.11288
-0.112906
-0.112932
-0.112957
-0.112983
-0.113009
-0.113034
-0.11306
-0.113086
-0.113111
-0.113137
-0.113162
-0.113188
-0.113213
-0.113239
-0.113264
-0.113289
-0.113315
-0.11334
-0.113365
-0.11339
-0.113416
-0.113441
-0.113466
-0.113491
-0.113516
-0.113541
-0.113566
-0.113591
-0.113616
-0.11364
-0.113665
-0.11369
-0.113715
-0.11374
-0.113764
-0.113789
-0.113813
-0.113838
-0.113863
-0.113887
-0.113912
-0.113936
-0.11396
-0.113985
-0.114009
-0.114033
-0.114058
-0.114082
-0.114106
-0.11413
-0.114154
-0.114178
-0.114202
-0.114226
-0.11425
-0.114274
-0.114298
-0.114322
-0.114346
-0.11437
-0.114394
-0.114417
-0.114441
-0.114465
-0.114488
-0.114512
-0.114535
-0.114559
-0.114582
-0.114606
-0.114629
-0.114653
-0.114676
-0.114699
-0.114723
-0.114746
-0.114769
-0.114792
-0.114815
-0.114839
-0.114862
-0.114885
-0.114908
-0.114931
-0.114953
-0.114976
-0.114999
-0.115022
-0.115045
-0.115068
-0.11509
-0.115113
-0.115136
-0.115158
-0.115181
-0.115203
-0.115226
-0.115248
-0.115271
-0.115293
-0.115315
-0.115338
-0.11536
-0.115382
-0.115404
-0.115426
-0.115449
-0.115471
-0.115493
-0.115515
-0.115537
-0.115559
-0.115581
-0.115603
-0.115624
-0.115646
-0.115668
-0.11569
-0.115711
-0.115733
-0.115755
-0.115776
-0.115798
-0.115819
-0.115841
-0.115862
-0.115884
-0.115905
-0.115926
-0.115948
-0.115969
-0.11599
-0.116011
-0.116033
-0.116054
-0.116075
-0.116096
-0.116117
-0.116138
-0.116159
-0.11618
-0.1162
-0.116221
-0.116242
-0.116263
-0.116283
-0.116304
-0.116325
-0.116345
-0.116366
-0.116387
-0.116407
-0.116427
-0.116448
-0.116468
-0.116489
-0.116509
-0.116529
-0.116549
-0.11657
-0.11659
-0.11661
-0.11663
-0.11665
-0.11667
-0.11669
-0.11671
-0.11673
-0.11675
-0.11677
-0.116789
-0.116809
-0.116829
-0.116849
-0.116868
-0.116888
-0.116907
-0.116927
-0.116946
-0.116966
-0.116985
-0.117005
-0.117024
-0.117043
-0.117063
-0.117082
-0.117101
-0.11712
-0.117139
-0.117158
-0.117177
-0.117196
-0.117215
-0.117234
-0.117253
-0.117272
-0.117291
-0.11731
-0.117328
-0.117347
-0.117366
-0.117384
-0.117403
-0.117422
-0.11744
-0.117459
-0.117477
-0.117495
-0.117514
-0.117532
-0.11755
-0.117569
-0.117587
-0.117605
-0.117623
-0.117641
-0.117659
-0.117677
-0.117695
-0.117713
-0.117731
-0.117749
-0.117767
-0.117785
-0.117802
-0.11782
-0.117838
-0.117855
-0.117873
-0.117891
-0.117908
-0.117926
-0.117943
-0.117961
-0.117978
-0.117995
-0.118013
-0.11803
-0.118047
-0.118064
-0.118081
-0.118098
-0.118115
-0.118133
-0.11815
-0.118166
-0.118183
-0.1182
-0.118217
-0.118234
-0.118251
-0.118267
-0.118284
-0.118301
-0.118317
-0.118334
-0.11835
-0.118367
-0.118383
-0.1184
-0.118416
-0.118432
-0.118449
-0.118465
-0.118481
-0.118497
-0.118513
-0.11853
-0.118546
-0.118562
-0.118578
-0.118594
-0.118609
-0.118625
-0.118641
-0.118657
-0.118673
-0.118688
-0.118704
-0.11872
-0.118735
-0.118751
-0.118766
-0.118782
-0.118797
-0.118813
-0.118828
-0.118843
-0.118858
-0.118874
-0.118889
-0.118904
-0.118919
-0.118934
-0.118949
-0.118964
-0.118979
-0.118994
-0.119009
-0.119024
-0.119039
-0.119053
-0.119068
-0.119083
-0.119097
-0.119112
-0.119127
-0.119141
-0.119156
-0.11917
-0.119184
-0.119199
-0.119213
-0.119227
-0.119242
-0.119256
-0.11927
-0.119284
-0.119298
-0.119312
-0.119326
-0.11934
-0.119354
-0.119368
-0.119382
-0.119395
-0.119409
-0.119423
-0.119437
-0.11945
-0.119464
-0.119477
-0.119491
-0.119504
-0.119518
-0.119531
-0.119544
-0.119558
-0.119571
-0.119584
-0.119597
-0.119611
-0.119624
-0.119637
-0.11965
-0.119663
-0.119676
-0.119689
-0.119701
-0.119714
-0.119727
-0.11974
-0.119752
-0.119765
-0.119778
-0.11979
-0.119803
-0.119815
-0.119828
-0.11984
-0.119852
-0.119865
-0.119877
-0.119889
-0.119901
-0.119914
-0.119926
-0.119938
-0.11995
-0.119962
-0.119974
-0.119986
-0.119998
-0.120009
-0.120021
-0.120033
-0.120045
-0.120056
-0.120068
-0.120079
-0.120091
-0.120102
-0.120114
-0.120125
-0.120137
-0.120148
-0.120159
-0.120171
-0.120182
-0.120193
-0.120204
-0.120215
-0.120226
-0.120237
-0.120248
-0.120259
-0.12027
-0.120281
-0.120291
-0.120302
-0.120313
-0.120323
-0.120334
-0.120345
-0.120355
-0.120366
-0.120376
-0.120386
-0.120397
-0.120407
-0.120417
-0.120428
-0.120438
-0.120448
-0.120458
-0.120468
-0.120478
-0.120488
-0.120498
-0.120508
-0.120518
-0.120527
-0.120537
-0.120547
-0.120557
-0.120566
-0.120576
-0.120585
-0.120595
-0.120604
-0.120614
-0.120623
-0.120632
-0.120642
-0.120651
-0.12066
-0.120669
-0.120678
-0.120687
-0.120696
-0.120705
-0.120714
-0.120723
-0.120732
-0.120741
-0.12075
-0.120758
-0.120767
-0.120618
-0.120627
-0.120636
-0.120645
-0.120653
-0.120662
