0.0562532
0.0564627
0.0565673
0.0567764
0.0569853
0.057194
0.0574024
0.0576105
0.0578184
0.058026
0.0582334
0.0584405
0.0586474
0.058854
0.0590603
0.0592664
0.0594722
0.0596778
0.0598831
0.0600881
0.0602929
0.0604974
0.0607017
0.0609056
0.0611093
0.0613128
0.061516
0.0617188
0.0619215
0.0621238
0.0623259
0.0625277
0.0627292
0.0629305
0.0631314
0.0633321
0.0635325
0.0637327
0.0639325
0.0641321
0.0643313
0.0645303
0.064729
0.0649274
0.0651256
0.0653234
0.0655209
0.0657182
0.0659152
0.0661118
0.0663082
0.0665043
0.0667
0.0668955
0.0670907
0.0672856
0.0674801
0.0676744
0.0678684
0.068062
0.0682554
0.0684484
0.0686412
0.0688336
0.0690257
0.0692175
0.069409
0.0696002
0.0697911
0.0699816
0.0701718
0.0703618
0.0705514
0.0707406
0.0709296
0.0711182
0.0713065
0.0714945
0.0715226
0.0717102
0.0718975
0.0720845
0.0722711
0.0724574
0.0726433
0.0728289
0.0730142
0.0731992
0.0733838
0.073568
0.073752
0.0739356
0.0741188
0.0743017
0.0744843
0.0746665
0.0748483
0.0750298
0.075211
0.0753918
0.0755723
0.0757524
0.0759322
0.0761116
0.0762906
0.0764693
0.0766476
0.0768256
0.0770032
0.0771804
0.0773573
0.0775338
0.0777099
0.0778857
0.0780611
0.0782361
0.0784108
0.078585
0.078759
0.0789325
0.0791056
0.0792784
0.0794508
0.0796228
0.0797944
0.0799657
0.0801365
0.080307
0.080477
0.0806467
0.080816
0.0809849
0.0811534
0.0813215
0.0814892
0.0816566
0.0818235
0.08199
0.0821561
0.0823218
0.0824871
0.082652
0.0828164
0.0829805
0.0831441
0.0833074
0.0834702
0.0836326
0.0837946
0.0839562
0.0841173
0.084278
0.0844383
0.0845982
0.0847577
0.0849167
0.0850753
0.0852334
0.0853911
0.0855484
0.0857053
0.0858617
0.0860176
0.0861732
0.0863282
0.0864829
0.0866371
0.0867908
0.0869441
0.0870969
0.0872493
0.0874012
0.0875527
0.0877037
0.0878543
0.0880044
0.088154
0.0883031
0.0884518
0.0886001
0.0887478
0.0888951
0.0890419
0.0891882
0.0893341
0.0894794
0.0896243
0.0897687
0.0899126
0.0900561
0.090199
0.0903415
0.0904834
0.0906249
0.0907659
0.0909063
0.0910463
0.0911857
0.0913247
0.0914632
0.0916011
0.0916174
0.0917548
0.0918917
0.092028
0.0921638
0.0922992
0.0924339
0.0925682
0.092702
0.0928352
0.0928875
0.09302
0.0931519
0.0932833
0.0934142
0.0935445
0.0936743
0.0938036
0.0939323
0.0940604
0.094188
0.0943151
0.0944416
0.0945676
0.094693
0.0947168
0.0948415
0.0949657
0.0950893
0.0952123
0.0953348
0.0954566
0.095578
0.0956257
0.0957462
0.0958662
0.0959855
0.0961043
0.0962224
0.09634
0.096457
0.0965734
0.0966892
0.0968044
0.096919
0.097033
0.0971464
0.0972591
0.0973713
0.0974828
0.0975938
0.0977041
0.0978137
0.0979228
0.0980312
0.098139
0.0982462
0.0983527
0.0984586
0.0985639
0.0986685
0.0987724
0.0988757
0.0989784
0.0990803
0.0991817
0.0992824
0.0993824
0.0994817
0.0995804
0.0996784
0.0997757
0.0998723
0.0999683
0.100013
0.100108
0.100203
0.100296
0.100389
0.100481
0.100572
0.100663
0.100753
0.100843
0.100931
0.101019
0.101106
0.101193
0.101278
0.101363
0.101448
0.101531
0.101614
0.101696
0.101777
0.101858
0.101937
0.102016
0.102095
0.102171
0.102248
0.102324
0.102399
0.102473
0.102547
0.10262
0.102692
0.102763
0.102833
0.102903
0.102972
0.10304
0.103107
0.103173
0.103239
0.103303
0.103367
0.10343
0.103492
0.103554
0.103614
0.103674
0.103733
0.10379
0.103847
0.103904
0.103959
0.104013
0.104067
0.104119
0.104171
0.104222
0.104272
0.104321
0.104369
0.104416
0.104462
0.104508
0.104552
0.104595
0.104638
0.104679
0.10472
0.10476
0.104798
0.104836
0.104873
0.104908
0.104943
0.104977
0.10501
0.105041
0.105072
0.105102
0.105131
0.105158
0.105185
0.105211
0.105235
0.105259
0.105281
0.105303
0.105323
0.105342
0.10536
0.105377
0.105393
0.105408
0.105422
0.105434
0.105446
0.105456
0.105466
0.105474
0.105476
0.105482
0.105488
0.105493
0.105496
0.105498
0.105499
0.105499
0.105499
0.105497
0.105495
0.105491
0.105486
0.105479
0.105472
0.105463
0.105453
0.105442
0.105429
0.105415
0.1054
0.105383
0.105366
0.105347
0.105326
0.105304
0.105281
0.105262
0.105237
0.10521
0.105182
0.105152
0.105121
0.105089
0.105055
0.10502
0.104983
0.104945
0.104906
0.104865
0.104822
0.104779
0.10477
0.104724
0.104677
0.104629
0.104578
0.104527
0.104473
0.104418
0.104362
0.104304
0.104245
0.104184
0.104121
0.104057
0.103991
0.103923
0.103854
0.103783
0.10371
0.103635
0.103559
0.103481
0.103402
0.103321
0.103237
0.103152
0.103066
0.102977
0.102887
0.102795
0.102701
0.102605
0.102507
0.102407
0.102306
0.102202
0.102097
0.101989
0.10188
0.101768
0.101655
0.10154
0.101422
0.101302
0.101181
0.101057
0.100931
0.100803
0.100673
0.10054
0.100406
0.100269
0.10013
0.0999886
0.099845
0.0996991
0.0995509
0.0994003
0.0992474
0.0990921
0.0989344
0.0987742
0.0986116
0.0984465
0.0982789
0.0981087
0.097936
0.0977608
0.0975829
0.0974024
0.0972192
0.0970333
0.0968448
0.0966535
0.0965454
0.0963498
0.0961514
0.0959501
0.0957459
0.0955388
0.0953288
0.0951158
0.0948999
0.0946809
0.0944588
0.0942337
0.0940054
0.0937739
0.0935393
0.0933014
0.0930602
0.0928921
0.0926454
0.0923952
0.0921416
0.0918846
0.0916241
0.09136
0.0910924
0.0908211
0.0905461
0.0902675
0.0901569
0.0898731
0.0895853
0.0892938
0.0889983
0.0886988
0.0883953
0.0880877
0.0877761
0.0874602
0.0871401
0.0868181
0.0864895
0.0861564
0.0858188
0.0854768
0.0851301
0.0847788
0.0844228
0.0840621
0.0836964
0.0833259
0.0829504
0.0825698
0.0821841
0.0817933
0.0813971
0.0809956
0.0805886
0.0801761
0.079758
0.0793343
0.0789047
0.0784693
0.078028
0.0775806
0.077127
0.0766672
0.0762011
0.0757285
0.0752493
0.0747635
0.0742709
0.0737715
0.073265
0.0727514
0.0722306
0.0717024
0.0711668
0.0706235
0.0700724
0.0695135
0.0689465
0.0683713
0.0677878
0.0671959
0.0665952
0.0659858
0.0653675
0.06474
0.0641032
0.063457
0.0628011
0.0621354
0.0614596
0.0607737
0.0600773
0.0593703
0.0586525
0.0579237
0.0571836
0.0564321
0.0556688
0.0548937
0.0541064
0.0533067
0.0524944
0.0516692
0.0508308
0.0499791
0.0491138
0.0482345
0.0473411
0.0464333
0.0456487
0.0447135
0.0446198
0.0436679
0.0427005
0.0417174
0.0407184
0.0397031
0.0386713
0.0376229
0.0365575
0.035475
0.0343752
0.0332579
0.032123
0.0309704
0.0297999
0.0286115
0.0274052
0.0261809
0.0249389
0.0236793
0.0224021
0.0211077
0.0197964
0.0184687
0.017125
0.015766
0.0143922
0.0130046
0.011604
0.0101914
0.00876801
0.00733498
0.00589369
0.00444558
0.00299221
0.00153523
7.63663e-005
-0.00138259
-0.00283977
-0.00429329
-0.00574122
-0.00718165
-0.00861266
-0.0100324
-0.011439
-0.0128308
-0.014206
-0.0155632
-0.0169008
-0.0182176
-0.0195124
-0.0207841
-0.0220317
-0.0232545
-0.0244519
-0.0256233
-0.0267683
-0.0278866
-0.028978
-0.0300426
-0.0310802
-0.0320911
-0.0330753
-0.0340331
-0.0349648
-0.0358708
-0.0367514
-0.0376071
-0.0384383
-0.0392455
-0.0400292
-0.0407899
-0.0415281
-0.0422444
-0.0429392
-0.0436132
-0.0442667
-0.0449005
-0.0455149
-0.0461104
-0.0466877
-0.0472471
-0.0477892
-0.0483144
-0.0488232
-0.049316
-0.0497933
-0.0502555
-0.050703
-0.0511363
-0.0515556
-0.0519614
-0.0523541
-0.052734
-0.0531014
-0.0532582
-0.0536083
-0.0539468
-0.0542739
-0.05459
-0.0548953
-0.0551902
-0.0554749
-0.0557496
-0.0560147
-0.0562703
-0.0565167
-0.0567542
-0.0569829
-0.0572031
-0.057415
-0.0576188
-0.0578146
-0.0580027
-0.0581833
-0.0583565
-0.0585225
-0.0586815
-0.0588336
-0.0589791
-0.0591179
-0.0592504
-0.0593766
-0.0594967
-0.0596108
-0.0597191
-0.0598216
-0.0599185
-0.0600099
-0.060096
-0.0601768
-0.0602525
-0.0603232
-0.0603889
-0.0604497
-0.0605059
-0.0605574
-0.0606044
-0.0606469
-0.0606851
-0.0607189
-0.0607486
-0.0607742
-0.0607957
-0.0608133
-0.060827
-0.0608369
-0.060843
-0.0608455
-0.0608444
-0.0608397
-0.0608316
-0.0608201
-0.0608052
-0.060787
-0.0607657
-0.0607411
-0.0607134
-0.0606827
-0.060649
-0.0606123
-0.0605727
-0.0605302
-0.060485
-0.0604369
-0.0603862
-0.0603328
-0.0602768
-0.0602182
-0.060157
-0.0600934
-0.0600273
-0.0599588
-0.0598879
-0.0598146
-0.0597391
-0.0596613
-0.0595813
-0.059499
-0.0594146
-0.0593281
-0.0592395
-0.0591488
-0.059056
-0.0589613
-0.0588646
-0.058766
-0.0586654
-0.058563
-0.0584586
-0.0583525
-0.0582446
-0.0581349
-0.0580977
-0.0579856
-0.0578719
-0.0577564
-0.0576393
-0.0575205
-0.0574001
-0.0572781
-0.0571545
-0.0570294
-0.0569027
-0.0567745
-0.0566448
-0.0565137
-0.0563811
-0.0562471
-0.0561116
-0.0559748
-0.0558366
-0.055697
-0.0555561
-0.0554139
-0.0552704
-0.0551256
-0.0549795
-0.0548322
-0.0546837
-0.0545339
-0.0543829
-0.0542308
-0.0540774
-0.0539229
-0.0537673
-0.0536106
-0.0534527
-0.0532937
-0.0531337
-0.0529726
-0.0528104
-0.0526472
-0.0524829
-0.0523176
-0.0521514
-0.0519841
-0.0518159
-0.0516466
-0.0514765
-0.0513054
-0.0511333
-0.0509604
-0.0507865
-0.0506117
-0.050436
-0.0502595
-0.0500821
-0.0499039
-0.0497247
-0.0495448
-0.049364
-0.0491825
-0.0490001
-0.0488169
-0.0486329
-0.0484482
-0.0482627
-0.0480764
-0.0478894
-0.0477017
-0.0475132
-0.047324
-0.047134
-0.0469434
-0.0467521
-0.0465601
-0.0463674
-0.046174
-0.04598
-0.0457853
-0.0455899
-0.045394
-0.0451973
-0.0450001
-0.0448022
-0.0446037
-0.0444046
-0.044205
-0.0440047
-0.0438038
-0.0436024
-0.0434004
-0.0431978
-0.0429947
-0.042791
-0.0425867
-0.042382
-0.0421767
-0.0419708
-0.0417645
-0.0415576
-0.0413503
-0.0411424
-0.040934
-0.0407251
-0.0405158
-0.040306
-0.0400957
-0.0398849
-0.0396736
-0.0394619
-0.0392498
-0.0390372
-0.0388242
-0.0387546
-0.038541
-0.038327
-0.0381125
-0.0378976
-0.0376823
-0.0374666
-0.0372504
-0.0370339
-0.036817
-0.0365997
-0.036382
-0.0361639
-0.0359454
-0.0357266
-0.0355074
-0.0352878
-0.0350678
-0.0348476
-0.0346269
-0.0344059
-0.0341846
-0.0339629
-0.0337409
-0.0335185
-0.0332958
-0.0330728
-0.0328495
-0.0326259
-0.0324019
-0.0321777
-0.0319531
-0.0317282
-0.0315031
-0.0312776
-0.0310519
-0.0308258
-0.0305995
-0.0303729
-0.030146
-0.0299189
-0.0296915
-0.0294638
-0.0292358
-0.0290076
-0.0287792
-0.0285505
-0.0283215
-0.0280923
-0.0278628
-0.0276331
-0.0274032
-0.027173
-0.0269426
-0.026712
-0.0264811
-0.0262501
-0.0260188
-0.0257873
-0.0255555
-0.0253236
-0.0250914
-0.0248591
-0.0246265
-0.0243938
-0.0241608
-0.0239277
-0.0236944
-0.0234608
-0.0232271
-0.0229932
-0.0227592
-0.0225249
-0.0222905
-0.0220559
-0.0218211
-0.0215862
-0.0213511
-0.0211158
-0.0208804
-0.0206448
-0.0204091
-0.0201732
-0.0199371
-0.019701
-0.0194646
-0.0192281
-0.0189915
-0.0187547
-0.0185178
-0.0182808
-0.0180436
-0.0178063
-0.0175689
-0.0173314
-0.0170937
-0.0168559
-0.016618
-0.0163799
-0.0161418
-0.0159035
-0.0156652
-0.0154267
-0.0151881
-0.0149494
-0.0147106
-0.0144717
-0.0142327
-0.0139936
-0.0137544
-0.0135151
-0.0132757
-0.0130363
-0.0127967
-0.0125571
-0.0123174
-0.0120776
-0.0118377
-0.0115977
-0.0113577
-0.0111176
-0.0108774
-0.0106371
-0.0103968
-0.0101564
-0.00991598
-0.00967546
-0.00943488
-0.00919424
-0.00895354
-0.00871278
-0.00847197
-0.0082311
-0.00799019
-0.00774922
-0.00750821
-0.00726714
-0.00702604
-0.00678489
-0.00654369
-0.00630246
-0.00606119
-0.00581988
-0.00557854
-0.00533716
-0.00509575
-0.00485431
-0.00461284
-0.00437134
-0.00412981
-0.00388826
-0.00364669
-0.0034051
-0.00316348
-0.00292185
-0.0026802
-0.00243853
-0.00219685
-0.00195516
-0.00171345
-0.00147174
-0.00123002
-0.000988286
-0.00074655
-0.000504809
-0.000263066
-2.13208e-005
0.000220424
0.000462168
0.00070391
0.000945647
0.00118738
0.0014291
0.00167082
0.00191253
0.00215423
0.00239591
0.00263758
0.00287924
0.00312088
0.00336251
0.00360411
0.0038457
0.00408726
0.0043288
0.00457032
0.00481182
0.00505328
0.00529472
0.00553614
0.00577752
0.00601887
0.00626018
0.00650147
0.00674272
0.00698393
0.00722511
0.00746624
0.00770734
0.0079484
0.00818941
0.00843038
0.00867131
0.00891219
0.00915303
0.00939381
0.00963455
0.00987524
0.0101159
0.0103565
0.0103951
0.0106356
0.0108761
0.0111165
0.0113569
0.0115972
0.0118374
0.0120776
0.0123177
0.0125577
0.0127977
0.0130376
0.0132775
0.0135173
0.013757
0.0139966
0.0142362
0.0144757
0.0147152
0.0149545
0.0151938
0.015433
0.0156721
0.0159112
0.0161502
0.0163891
0.0166279
0.0168666
0.0171052
0.0173438
0.0175823
0.0178207
0.018059
0.0182972
0.0185353
0.0187733
0.0190113
0.0192491
0.0194869
0.0197245
0.0199621
0.0201996
0.020437
0.0206742
0.0209114
0.0211485
0.0213854
0.0216223
0.0218591
0.0220957
0.0223323
0.0225687
0.0228051
0.0230413
0.0232774
0.0235134
0.0237493
0.0239851
0.0242208
0.0244563
0.0246918
0.0249271
0.0251623
0.0253974
0.0256324
0.0258672
0.0261019
0.0263365
0.026571
0.0268054
0.0270396
0.0272737
0.0275077
0.0277416
0.0279753
0.0282089
0.0284423
0.0286757
0.0289089
0.0291419
0.0293749
0.0296077
0.0298403
0.0300729
0.0303052
0.0305375
0.0307696
0.0310016
0.0312334
0.0314651
0.0316966
0.031928
0.0321592
0.0323903
0.0326213
0.0328521
0.0330827
0.0333132
0.0335436
0.0337738
0.0340038
0.0342337
0.0344635
0.034693
0.0349225
0.0351517
0.0353809
0.0356098
0.0358386
0.0360672
0.0362957
0.036524
0.0367521
0.0369801
0.0372079
0.0374356
0.037663
0.0378904
0.0381175
0.0383445
0.0385713
0.0387979
0.0390243
0.0392506
0.0394767
0.0397026
0.0399284
0.040154
0.0403794
0.0406046
0.0408296
0.0410545
0.0412792
0.0415036
0.0417279
0.0419521
0.042176
0.0423998
0.0426233
0.0428467
0.0430699
0.0432929
0.0435157
0.0437383
0.0439607
0.0441829
0.044405
0.0446268
0.0448484
0.0450699
0.0452911
0.0455122
0.045733
0.0459537
0.0461741
0.0463944
0.0466144
0.0468342
0.0470538
0.0472733
0.0474925
0.0477115
0.0479303
0.0481489
0.0483672
0.0485854
0.0488033
0.0490211
0.0492386
0.0494559
0.049673
0.0498899
0.0501065
0.050323
0.0505392
0.0507552
0.0509709
0.0511865
0.0514018
0.0516169
0.0518318
0.0520464
0.0522609
0.052475
0.052689
0.0529027
0.0531162
0.0533295
0.0535425
0.0537553
0.0539679
0.0541802
0.0543923
0.0546042
0.0548158
0.0550272
0.0552383
0.0554492
0.0556599
0.0558703
0.0560804
0.0562904
0.0565
0.0567094
0.0569186
0.0571275
0.0573362
0.0575446
0.0577528
0.0579607
0.0581684
0.0583758
0.058583
0.0587899
0.0589965
0.0592029
0.059409
0.0596149
0.0598205
0.0600258
0.0602309
0.0604357
0.0606402
0.0608445
0.0610485
0.0612522
0.0614557
0.0616589
0.0618618
0.0620644
0.0622668
0.0624689
0.0626707
0.0628723
0.0630736
0.0632745
0.0634753
0.0636757
0.0638758
0.0640757
0.0642753
0.0644746
0.0646736
0.0648723
0.0650707
0.0652689
0.0654667
0.0656643
0.0658615
0.0660585
0.0662552
0.0664516
0.0666476
0.0668434
0.0670389
0.0672341
0.067429
0.0676236
0.0678179
0.0680118
0.0682055
0.0683989
0.0685919
0.0687847
0.0689771
0.0691692
0.069361
0.0695525
0.0697437
0.0699346
0.0701251
0.0703154
0.0705053
0.0706949
0.0708841
0.0710731
0.0712617
0.07145
0.071638
0.0718257
0.072013
0.0722
0.0723866
0.072573
0.072759
0.0729446
0.0731299
0.0733149
0.0734996
0.0736839
0.0738679
0.0740515
0.0742348
0.0744177
0.0746003
0.0747826
0.0749645
0.0751461
0.0753273
0.0755081
0.0756886
0.0758688
0.0760486
0.076228
0.0764071
0.0765858
0.0767642
0.0769422
0.0771198
0.0772971
0.077474
0.0776505
0.0778267
0.0780025
0.078178
0.078353
0.0785277
