-2.04165e+011
-2.04161e+011
-2.04159e+011
-2.04153e+011
-2.04147e+011
-2.0414e+011
-2.04131e+011
-2.04122e+011
-2.04113e+011
-2.04102e+011
-2.0409e+011
-2.04078e+011
-2.04064e+011
-2.0405e+011
-2.04034e+011
-2.04018e+011
-2.04001e+011
-2.03983e+011
-2.03964e+011
-2.03945e+011
-2.03924e+011
-2.03902e+011
-2.0388e+011
-2.03857e+011
-2.03832e+011
-2.03807e+011
-2.03781e+011
-2.03754e+011
-2.03726e+011
-2.03698e+011
-2.03668e+011
-2.03637e+011
-2.03606e+011
-2.03574e+011
-2.0354e+011
-2.03506e+011
-2.03471e+011
-2.03435e+011
-2.03398e+011
-2.03361e+011
-2.03322e+011
-2.03282e+011
-2.03242e+011
-2.03201e+011
-2.03158e+011
-2.03115e+011
-2.03071e+011
-2.03026e+011
-2.0298e+011
-2.02933e+011
-2.02886e+011
-2.02837e+011
-2.02788e+011
-2.02737e+011
-2.02686e+011
-2.02634e+011
-2.0258e+011
-2.02526e+011
-2.02471e+011
-2.02415e+011
-2.02359e+011
-2.02301e+011
-2.02242e+011
-2.02183e+011
-2.02122e+011
-2.02061e+011
-2.01999e+011
-2.01936e+011
-2.01871e+011
-2.01806e+011
-2.0174e+011
-2.01674e+011
-2.01606e+011
-2.01537e+011
-2.01468e+011
-2.01397e+011
-2.01326e+011
-2.01253e+011
-2.01242e+011
-2.01169e+011
-2.01095e+011
-2.01019e+011
-2.00943e+011
-2.00866e+011
-2.00788e+011
-2.00709e+011
-2.00629e+011
-2.00549e+011
-2.00467e+011
-2.00384e+011
-2.00301e+011
-2.00216e+011
-2.00131e+011
-2.00044e+011
-1.99957e+011
-1.99869e+011
-1.9978e+011
-1.9969e+011
-1.99599e+011
-1.99507e+011
-1.99414e+011
-1.9932e+011
-1.99226e+011
-1.9913e+011
-1.99033e+011
-1.98936e+011
-1.98837e+011
-1.98738e+011
-1.98638e+011
-1.98536e+011
-1.98434e+011
-1.98331e+011
-1.98227e+011
-1.98122e+011
-1.98016e+011
-1.97909e+011
-1.97801e+011
-1.97692e+011
-1.97583e+011
-1.97472e+011
-1.9736e+011
-1.97248e+011
-1.97134e+011
-1.9702e+011
-1.96904e+011
-1.96788e+011
-1.96671e+011
-1.96552e+011
-1.96433e+011
-1.96313e+011
-1.96192e+011
-1.9607e+011
-1.95947e+011
-1.95823e+011
-1.95698e+011
-1.95572e+011
-1.95445e+011
-1.95317e+011
-1.95188e+011
-1.95058e+011
-1.94928e+011
-1.94796e+011
-1.94663e+011
-1.9453e+011
-1.94395e+011
-1.9426e+011
-1.94123e+011
-1.93986e+011
-1.93847e+011
-1.93708e+011
-1.93567e+011
-1.93426e+011
-1.93283e+011
-1.9314e+011
-1.92996e+011
-1.92851e+011
-1.92704e+011
-1.92557e+011
-1.92409e+011
-1.9226e+011
-1.92109e+011
-1.91958e+011
-1.91806e+011
-1.91653e+011
-1.91499e+011
-1.91344e+011
-1.91188e+011
-1.9103e+011
-1.90872e+011
-1.90713e+011
-1.90553e+011
-1.90392e+011
-1.9023e+011
-1.90067e+011
-1.89903e+011
-1.89738e+011
-1.89572e+011
-1.89405e+011
-1.89237e+011
-1.89068e+011
-1.88898e+011
-1.88727e+011
-1.88554e+011
-1.88381e+011
-1.88207e+011
-1.88032e+011
-1.87856e+011
-1.87679e+011
-1.87501e+011
-1.87322e+011
-1.87141e+011
-1.8696e+011
-1.86778e+011
-1.86595e+011
-1.8641e+011
-1.86225e+011
-1.86039e+011
-1.85851e+011
-1.85663e+011
-1.85474e+011
-1.85283e+011
-1.8526e+011
-1.85069e+011
-1.84876e+011
-1.84683e+011
-1.84488e+011
-1.84292e+011
-1.84095e+011
-1.83898e+011
-1.83699e+011
-1.83499e+011
-1.8342e+011
-1.83218e+011
-1.83016e+011
-1.82812e+011
-1.82608e+011
-1.82402e+011
-1.82196e+011
-1.81988e+011
-1.81779e+011
-1.8157e+011
-1.81359e+011
-1.81147e+011
-1.80934e+011
-1.8072e+011
-1.80505e+011
-1.80464e+011
-1.80247e+011
-1.8003e+011
-1.79811e+011
-1.79592e+011
-1.79371e+011
-1.79149e+011
-1.78926e+011
-1.78838e+011
-1.78614e+011
-1.78388e+011
-1.78162e+011
-1.77934e+011
-1.77706e+011
-1.77476e+011
-1.77245e+011
-1.77013e+011
-1.7678e+011
-1.76546e+011
-1.76311e+011
-1.76074e+011
-1.75837e+011
-1.75598e+011
-1.75359e+011
-1.75118e+011
-1.74876e+011
-1.74633e+011
-1.74389e+011
-1.74144e+011
-1.73897e+011
-1.7365e+011
-1.73401e+011
-1.73152e+011
-1.72901e+011
-1.72649e+011
-1.72396e+011
-1.72142e+011
-1.71886e+011
-1.7163e+011
-1.71372e+011
-1.71113e+011
-1.70854e+011
-1.70592e+011
-1.7033e+011
-1.70067e+011
-1.69802e+011
-1.69537e+011
-1.6927e+011
-1.69002e+011
-1.68875e+011
-1.68605e+011
-1.68334e+011
-1.68062e+011
-1.67789e+011
-1.67516e+011
-1.6724e+011
-1.66964e+011
-1.66686e+011
-1.66407e+011
-1.66127e+011
-1.65845e+011
-1.65563e+011
-1.65279e+011
-1.64994e+011
-1.64708e+011
-1.64421e+011
-1.64132e+011
-1.63842e+011
-1.63551e+011
-1.63259e+011
-1.62966e+011
-1.62671e+011
-1.62375e+011
-1.62078e+011
-1.61784e+011
-1.61485e+011
-1.61184e+011
-1.60882e+011
-1.60579e+011
-1.60275e+011
-1.59969e+011
-1.59662e+011
-1.59354e+011
-1.59045e+011
-1.58735e+011
-1.58423e+011
-1.5811e+011
-1.57795e+011
-1.5748e+011
-1.57163e+011
-1.56845e+011
-1.56526e+011
-1.56205e+011
-1.55883e+011
-1.5556e+011
-1.55236e+011
-1.5491e+011
-1.54583e+011
-1.54255e+011
-1.53925e+011
-1.53594e+011
-1.53262e+011
-1.52928e+011
-1.52594e+011
-1.52258e+011
-1.5192e+011
-1.51582e+011
-1.51242e+011
-1.509e+011
-1.50558e+011
-1.50214e+011
-1.49868e+011
-1.49522e+011
-1.49174e+011
-1.48824e+011
-1.48474e+011
-1.48122e+011
-1.47768e+011
-1.47413e+011
-1.47057e+011
-1.467e+011
-1.46341e+011
-1.45981e+011
-1.45619e+011
-1.45256e+011
-1.44892e+011
-1.44526e+011
-1.44159e+011
-1.43791e+011
-1.43421e+011
-1.4305e+011
-1.42677e+011
-1.42303e+011
-1.41927e+011
-1.41551e+011
-1.41172e+011
-1.40793e+011
-1.40411e+011
-1.40029e+011
-1.39645e+011
-1.39259e+011
-1.38872e+011
-1.38484e+011
-1.38112e+011
-1.37721e+011
-1.37328e+011
-1.36934e+011
-1.36538e+011
-1.36141e+011
-1.36063e+011
-1.35664e+011
-1.35264e+011
-1.34862e+011
-1.34459e+011
-1.34054e+011
-1.33648e+011
-1.3324e+011
-1.33201e+011
-1.32791e+011
-1.3238e+011
-1.31968e+011
-1.31554e+011
-1.31138e+011
-1.30721e+011
-1.30302e+011
-1.29882e+011
-1.29461e+011
-1.29037e+011
-1.28612e+011
-1.28186e+011
-1.27758e+011
-1.27328e+011
-1.26897e+011
-1.26464e+011
-1.2603e+011
-1.25594e+011
-1.2525e+011
-1.24811e+011
-1.2437e+011
-1.23928e+011
-1.23485e+011
-1.23039e+011
-1.22592e+011
-1.22144e+011
-1.21694e+011
-1.21242e+011
-1.20788e+011
-1.20333e+011
-1.19876e+011
-1.19418e+011
-1.18957e+011
-1.18869e+011
-1.18407e+011
-1.17943e+011
-1.17478e+011
-1.1701e+011
-1.16541e+011
-1.1607e+011
-1.15598e+011
-1.15124e+011
-1.14648e+011
-1.1417e+011
-1.13694e+011
-1.13213e+011
-1.1273e+011
-1.12245e+011
-1.11758e+011
-1.1127e+011
-1.1078e+011
-1.10288e+011
-1.09794e+011
-1.09298e+011
-1.08801e+011
-1.08302e+011
-1.07801e+011
-1.07298e+011
-1.06793e+011
-1.06286e+011
-1.05778e+011
-1.05268e+011
-1.04755e+011
-1.04241e+011
-1.03725e+011
-1.03207e+011
-1.02687e+011
-1.02166e+011
-1.01642e+011
-1.01116e+011
-1.00589e+011
-1.00059e+011
-9.95275e+010
-9.8994e+010
-9.84586e+010
-9.79211e+010
-9.73817e+010
-9.68402e+010
-9.62968e+010
-9.57513e+010
-9.52038e+010
-9.46542e+010
-9.41026e+010
-9.35489e+010
-9.29932e+010
-9.24354e+010
-9.18755e+010
-9.13135e+010
-9.07494e+010
-9.01832e+010
-8.96149e+010
-8.90444e+010
-8.84718e+010
-8.7897e+010
-8.73201e+010
-8.6741e+010
-8.61597e+010
-8.55762e+010
-8.49906e+010
-8.44027e+010
-8.38125e+010
-8.32202e+010
-8.26256e+010
-8.20288e+010
-8.14296e+010
-8.08283e+010
-8.02246e+010
-7.98865e+010
-7.92793e+010
-7.86697e+010
-7.80578e+010
-7.74435e+010
-7.6827e+010
-7.6208e+010
-7.55867e+010
-7.4963e+010
-7.43369e+010
-7.37084e+010
-7.30775e+010
-7.24442e+010
-7.18084e+010
-7.11701e+010
-7.05294e+010
-6.98863e+010
-6.94418e+010
-6.87944e+010
-6.81445e+010
-6.74921e+010
-6.68372e+010
-6.61797e+010
-6.55197e+010
-6.48571e+010
-6.41919e+010
-6.35241e+010
-6.28538e+010
-6.25896e+010
-6.19155e+010
-6.12389e+010
-6.05596e+010
-5.98777e+010
-5.9193e+010
-5.85057e+010
-5.78157e+010
-5.71231e+010
-5.64276e+010
-5.57295e+010
-5.50338e+010
-5.43301e+010
-5.36238e+010
-5.29146e+010
-5.22027e+010
-5.14879e+010
-5.07704e+010
-5.005e+010
-4.93268e+010
-4.86008e+010
-4.78719e+010
-4.71402e+010
-4.64056e+010
-4.56681e+010
-4.49277e+010
-4.41844e+010
-4.34382e+010
-4.26891e+010
-4.19371e+010
-4.11821e+010
-4.04242e+010
-3.96634e+010
-3.88996e+010
-3.81329e+010
-3.73632e+010
-3.65906e+010
-3.58149e+010
-3.50364e+010
-3.42549e+010
-3.34704e+010
-3.26829e+010
-3.18925e+010
-3.10991e+010
-3.03028e+010
-2.95036e+010
-2.87014e+010
-2.78962e+010
-2.70882e+010
-2.62773e+010
-2.54635e+010
-2.46468e+010
-2.38273e+010
-2.30049e+010
-2.21797e+010
-2.13518e+010
-2.05212e+010
-1.96878e+010
-1.88517e+010
-1.80131e+010
-1.71718e+010
-1.6328e+010
-1.54817e+010
-1.46331e+010
-1.3782e+010
-1.29287e+010
-1.20731e+010
-1.12154e+010
-1.03557e+010
-9.49407e+009
-8.63057e+009
-7.76534e+009
-6.89851e+009
-6.03021e+009
-5.16057e+009
-4.28976e+009
-3.41794e+009
-2.54528e+009
-1.67198e+009
-7.98245e+008
7.57001e+007
9.49618e+008
1.82325e+009
2.69632e+009
3.43907e+009
4.31029e+009
4.39671e+009
5.2663e+009
6.13402e+009
6.99947e+009
7.86224e+009
8.72186e+009
9.57786e+009
1.04297e+010
1.12769e+010
1.21187e+010
1.29546e+010
1.3784e+010
1.4606e+010
1.54199e+010
1.62249e+010
1.70202e+010
1.78048e+010
1.85777e+010
1.9338e+010
2.00846e+010
2.08163e+010
2.1532e+010
2.22304e+010
2.29103e+010
2.35704e+010
2.42093e+010
2.48257e+010
2.5418e+010
2.59849e+010
2.6525e+010
2.70368e+010
2.75189e+010
2.797e+010
2.83886e+010
2.87735e+010
2.91236e+010
2.94376e+010
2.97147e+010
2.99539e+010
3.01545e+010
3.03159e+010
3.04377e+010
3.05196e+010
3.05615e+010
3.05635e+010
3.05258e+010
3.04487e+010
3.03329e+010
3.0179e+010
2.99879e+010
2.97605e+010
2.94978e+010
2.9201e+010
2.88713e+010
2.851e+010
2.81183e+010
2.76977e+010
2.72494e+010
2.67749e+010
2.62755e+010
2.57526e+010
2.52074e+010
2.46413e+010
2.40555e+010
2.34512e+010
2.28296e+010
2.2192e+010
2.15392e+010
2.08724e+010
2.01925e+010
1.95006e+010
1.87974e+010
1.80839e+010
1.73608e+010
1.66288e+010
1.58888e+010
1.51413e+010
1.43871e+010
1.36266e+010
1.28605e+010
1.20893e+010
1.13134e+010
1.05334e+010
9.7497e+009
8.96264e+009
8.17265e+009
7.38007e+009
6.58525e+009
5.7885e+009
4.99012e+009
4.19037e+009
3.38952e+009
2.58781e+009
1.78546e+009
9.82678e+008
6.3169e+008
-1.71358e+008
-9.74373e+008
-1.77719e+009
-2.57964e+009
-3.3816e+009
-4.18291e+009
-4.98345e+009
-5.7831e+009
-6.58176e+009
-7.3793e+009
-8.17565e+009
-8.9707e+009
-9.76437e+009
-1.05566e+010
-1.13473e+010
-1.21364e+010
-1.29238e+010
-1.37095e+010
-1.44934e+010
-1.52755e+010
-1.60557e+010
-1.68339e+010
-1.76102e+010
-1.83845e+010
-1.91568e+010
-1.9927e+010
-2.06951e+010
-2.1461e+010
-2.22248e+010
-2.29865e+010
-2.37459e+010
-2.45031e+010
-2.5258e+010
-2.60107e+010
-2.67612e+010
-2.75093e+010
-2.82551e+010
-2.89987e+010
-2.97399e+010
-3.04788e+010
-3.12153e+010
-3.19496e+010
-3.26814e+010
-3.3411e+010
-3.41381e+010
-3.48629e+010
-3.55854e+010
-3.63055e+010
-3.70232e+010
-3.77386e+010
-3.84516e+010
-3.91622e+010
-3.98705e+010
-4.05764e+010
-4.128e+010
-4.19812e+010
-4.26801e+010
-4.33766e+010
-4.40708e+010
-4.47627e+010
-4.54522e+010
-4.61393e+010
-4.68242e+010
-4.75067e+010
-4.81869e+010
-4.88649e+010
-4.95405e+010
-5.02138e+010
-5.08848e+010
-5.15536e+010
-5.222e+010
-5.28842e+010
-5.35461e+010
-5.42058e+010
-5.48632e+010
-5.55184e+010
-5.61714e+010
-5.68221e+010
-5.74706e+010
-5.81169e+010
-5.8761e+010
-5.94028e+010
-6.00425e+010
-6.06801e+010
-6.13154e+010
-6.19486e+010
-6.25796e+010
-6.32084e+010
-6.38352e+010
-6.44597e+010
-6.50822e+010
-6.57025e+010
-6.63207e+010
-6.69369e+010
-6.75509e+010
-6.81628e+010
-6.87727e+010
-6.89766e+010
-6.95837e+010
-7.01888e+010
-7.07917e+010
-7.13927e+010
-7.19915e+010
-7.25884e+010
-7.31832e+010
-7.37761e+010
-7.43669e+010
-7.49557e+010
-7.55425e+010
-7.61274e+010
-7.67102e+010
-7.72911e+010
-7.78701e+010
-7.8447e+010
-7.90221e+010
-7.95952e+010
-8.01663e+010
-8.07356e+010
-8.13029e+010
-8.18683e+010
-8.24318e+010
-8.29935e+010
-8.35532e+010
-8.4111e+010
-8.4667e+010
-8.52211e+010
-8.57734e+010
-8.63238e+010
-8.68724e+010
-8.74191e+010
-8.7964e+010
-8.8507e+010
-8.90483e+010
-8.95877e+010
-9.01253e+010
-9.06612e+010
-9.11952e+010
-9.17275e+010
-9.22579e+010
-9.27867e+010
-9.33136e+010
-9.38388e+010
-9.43622e+010
-9.48839e+010
-9.54039e+010
-9.59221e+010
-9.64386e+010
-9.69533e+010
-9.74664e+010
-9.79777e+010
-9.84874e+010
-9.89953e+010
-9.95016e+010
-1.00006e+011
-1.00509e+011
-1.0101e+011
-1.0151e+011
-1.02008e+011
-1.02504e+011
-1.02999e+011
-1.03491e+011
-1.03983e+011
-1.04472e+011
-1.04961e+011
-1.05447e+011
-1.05932e+011
-1.06415e+011
-1.06897e+011
-1.07377e+011
-1.07855e+011
-1.08332e+011
-1.08807e+011
-1.09281e+011
-1.09753e+011
-1.10223e+011
-1.10692e+011
-1.11159e+011
-1.11625e+011
-1.1209e+011
-1.12552e+011
-1.13013e+011
-1.13473e+011
-1.13931e+011
-1.14388e+011
-1.14843e+011
-1.15296e+011
-1.15749e+011
-1.16199e+011
-1.16648e+011
-1.17096e+011
-1.17542e+011
-1.17986e+011
-1.18429e+011
-1.18871e+011
-1.19311e+011
-1.1975e+011
-1.20187e+011
-1.20623e+011
-1.21057e+011
-1.2149e+011
-1.21921e+011
-1.22351e+011
-1.2278e+011
-1.23207e+011
-1.23632e+011
-1.24057e+011
-1.24479e+011
-1.24901e+011
-1.25321e+011
-1.25457e+011
-1.25875e+011
-1.26292e+011
-1.26707e+011
-1.27121e+011
-1.27533e+011
-1.27945e+011
-1.28354e+011
-1.28763e+011
-1.29169e+011
-1.29575e+011
-1.29979e+011
-1.30382e+011
-1.30783e+011
-1.31184e+011
-1.31582e+011
-1.3198e+011
-1.32376e+011
-1.3277e+011
-1.33164e+011
-1.33556e+011
-1.33946e+011
-1.34336e+011
-1.34724e+011
-1.3511e+011
-1.35496e+011
-1.3588e+011
-1.36263e+011
-1.36644e+011
-1.37024e+011
-1.37403e+011
-1.3778e+011
-1.38156e+011
-1.38531e+011
-1.38905e+011
-1.39277e+011
-1.39648e+011
-1.40018e+011
-1.40386e+011
-1.40754e+011
-1.4112e+011
-1.41484e+011
-1.41848e+011
-1.4221e+011
-1.4257e+011
-1.4293e+011
-1.43288e+011
-1.43645e+011
-1.44001e+011
-1.44356e+011
-1.44709e+011
-1.45061e+011
-1.45412e+011
-1.45762e+011
-1.4611e+011
-1.46457e+011
-1.46803e+011
-1.47148e+011
-1.47491e+011
-1.47833e+011
-1.48174e+011
-1.48514e+011
-1.48853e+011
-1.4919e+011
-1.49526e+011
-1.49861e+011
-1.50195e+011
-1.50528e+011
-1.50859e+011
-1.51189e+011
-1.51518e+011
-1.51846e+011
-1.52172e+011
-1.52498e+011
-1.52822e+011
-1.53145e+011
-1.53467e+011
-1.53788e+011
-1.54107e+011
-1.54426e+011
-1.54743e+011
-1.55059e+011
-1.55374e+011
-1.55687e+011
-1.56e+011
-1.56311e+011
-1.56621e+011
-1.5693e+011
-1.57238e+011
-1.57545e+011
-1.57851e+011
-1.58155e+011
-1.58458e+011
-1.58761e+011
-1.59062e+011
-1.59362e+011
-1.5966e+011
-1.59958e+011
-1.60255e+011
-1.6055e+011
-1.60844e+011
-1.61137e+011
-1.61429e+011
-1.6172e+011
-1.6201e+011
-1.62299e+011
-1.62586e+011
-1.62873e+011
-1.63158e+011
-1.63442e+011
-1.63725e+011
-1.64007e+011
-1.64288e+011
-1.64568e+011
-1.64847e+011
-1.65124e+011
-1.65401e+011
-1.65676e+011
-1.65951e+011
-1.66224e+011
-1.66496e+011
-1.66767e+011
-1.67037e+011
-1.67306e+011
-1.67574e+011
-1.67841e+011
-1.68106e+011
-1.68371e+011
-1.68634e+011
-1.68897e+011
-1.69158e+011
-1.69418e+011
-1.69678e+011
-1.69936e+011
-1.70193e+011
-1.70449e+011
-1.70704e+011
-1.70958e+011
-1.71211e+011
-1.71463e+011
-1.71713e+011
-1.71963e+011
-1.72212e+011
-1.72459e+011
-1.72706e+011
-1.72951e+011
-1.73196e+011
-1.73439e+011
-1.73682e+011
-1.73923e+011
-1.74163e+011
-1.74402e+011
-1.74641e+011
-1.74878e+011
-1.75114e+011
-1.75349e+011
-1.75583e+011
-1.75816e+011
-1.76048e+011
-1.76279e+011
-1.76509e+011
-1.76738e+011
-1.76966e+011
-1.77193e+011
-1.77419e+011
-1.77644e+011
-1.77868e+011
-1.7809e+011
-1.78312e+011
-1.78533e+011
-1.78753e+011
-1.78972e+011
-1.79189e+011
-1.79406e+011
-1.79622e+011
-1.79837e+011
-1.8005e+011
-1.80263e+011
-1.80475e+011
-1.80686e+011
-1.80895e+011
-1.81104e+011
-1.81312e+011
-1.81519e+011
-1.81724e+011
-1.81929e+011
-1.82133e+011
-1.82336e+011
-1.82537e+011
-1.82738e+011
-1.82938e+011
-1.83137e+011
-1.83335e+011
-1.83531e+011
-1.83727e+011
-1.83922e+011
-1.84116e+011
-1.84309e+011
-1.84501e+011
-1.84692e+011
-1.84882e+011
-1.85071e+011
-1.85259e+011
-1.85446e+011
-1.85632e+011
-1.85817e+011
-1.86001e+011
-1.86184e+011
-1.86366e+011
-1.86548e+011
-1.86577e+011
-1.86757e+011
-1.86936e+011
-1.87114e+011
-1.87291e+011
-1.87467e+011
-1.87643e+011
-1.87817e+011
-1.8799e+011
-1.88163e+011
-1.88334e+011
-1.88505e+011
-1.88674e+011
-1.88843e+011
-1.8901e+011
-1.89177e+011
-1.89342e+011
-1.89507e+011
-1.89671e+011
-1.89834e+011
-1.89996e+011
-1.90157e+011
-1.90316e+011
-1.90476e+011
-1.90634e+011
-1.90791e+011
-1.90947e+011
-1.91102e+011
-1.91256e+011
-1.9141e+011
-1.91562e+011
-1.91714e+011
-1.91864e+011
-1.92014e+011
-1.92162e+011
-1.9231e+011
-1.92457e+011
-1.92602e+011
-1.92747e+011
-1.92891e+011
-1.93034e+011
-1.93176e+011
-1.93317e+011
-1.93458e+011
-1.93597e+011
-1.93735e+011
-1.93873e+011
-1.94009e+011
-1.94145e+011
-1.94279e+011
-1.94413e+011
-1.94546e+011
-1.94677e+011
-1.94808e+011
-1.94938e+011
-1.95067e+011
-1.95195e+011
-1.95323e+011
-1.95449e+011
-1.95574e+011
-1.95699e+011
-1.95822e+011
-1.95945e+011
-1.96066e+011
-1.96187e+011
-1.96307e+011
-1.96426e+011
-1.96544e+011
-1.96661e+011
-1.96777e+011
-1.96892e+011
-1.97006e+011
-1.9712e+011
-1.97232e+011
-1.97344e+011
-1.97454e+011
-1.97564e+011
-1.97673e+011
-1.97781e+011
-1.97888e+011
-1.97994e+011
-1.98099e+011
-1.98203e+011
-1.98306e+011
-1.98409e+011
-1.9851e+011
-1.98611e+011
-1.98711e+011
-1.98809e+011
-1.98907e+011
-1.99004e+011
-1.991e+011
-1.99195e+011
-1.99289e+011
-1.99383e+011
-1.99475e+011
-1.99567e+011
-1.99657e+011
-1.99747e+011
-1.99836e+011
-1.99924e+011
-2.00011e+011
-2.00097e+011
-2.00182e+011
-2.00266e+011
-2.00349e+011
-2.00432e+011
-2.00513e+011
-2.00594e+011
-2.00674e+011
-2.00753e+011
-2.00831e+011
-2.00908e+011
-2.00984e+011
-2.01059e+011
-2.01133e+011
-2.01207e+011
-2.01279e+011
-2.01351e+011
-2.01422e+011
-2.01492e+011
-2.01561e+011
-2.01629e+011
-2.01696e+011
-2.01762e+011
-2.01827e+011
-2.01892e+011
-2.01955e+011
-2.02018e+011
-2.0208e+011
-2.02141e+011
-2.02201e+011
-2.0226e+011
-2.02318e+011
-2.02375e+011
-2.02432e+011
-2.02487e+011
-2.02542e+011
-2.02595e+011
-2.02648e+011
-2.027e+011
-2.02751e+011
-2.02801e+011
-2.0285e+011
-2.02899e+011
-2.02946e+011
-2.02993e+011
-2.03038e+011
-2.03083e+011
-2.03127e+011
-2.0317e+011
-2.03212e+011
-2.03253e+011
-2.03294e+011
-2.03333e+011
-2.03371e+011
-2.03409e+011
-2.03446e+011
-2.03482e+011
-2.03517e+011
-2.03551e+011
-2.03584e+011
-2.03616e+011
-2.03647e+011
-2.03678e+011
-2.03707e+011
-2.03736e+011
-2.03764e+011
-2.03791e+011
-2.03817e+011
-2.03842e+011
-2.03866e+011
-2.0389e+011
-2.03912e+011
-2.03934e+011
-2.03954e+011
-2.03974e+011
-2.03993e+011
-2.04011e+011
-2.04028e+011
-2.04044e+011
-2.0406e+011
-2.04074e+011
-2.04088e+011
-2.041e+011
-2.04112e+011
-2.04123e+011
-2.04133e+011
-2.04142e+011
-2.0415e+011
-2.04157e+011
-2.04164e+011
-2.04169e+011
-2.04174e+011
-2.04177e+011
-2.0418e+011
-2.04182e+011
-2.04183e+011
-2.04183e+011
-2.04183e+011
-2.04181e+011
-2.04178e+011
-2.04175e+011
-2.04171e+011
-2.04165e+011
-2.04159e+011
-2.04152e+011
-2.04144e+011
-2.04136e+011
-2.04126e+011
-2.04115e+011
-2.04104e+011
-2.04091e+011
-2.04078e+011
-2.04064e+011
-2.04049e+011
-2.04033e+011
-2.04016e+011
-2.03998e+011
-2.0398e+011
-2.0396e+011
-2.0394e+011
-2.03918e+011
-2.03896e+011
-2.03873e+011
-2.03849e+011
-2.03824e+011
-2.03798e+011
-2.03771e+011
-2.03744e+011
-2.03715e+011
-2.03686e+011
-2.03655e+011
-2.03624e+011
-2.03592e+011
-2.03559e+011
-2.03525e+011
-2.0349e+011
-2.03454e+011
-2.03418e+011
-2.0338e+011
-2.03342e+011
-2.03302e+011
-2.03262e+011
-2.03221e+011
-2.03179e+011
-2.03136e+011
-2.03092e+011
-2.03047e+011
-2.03002e+011
-2.02955e+011
-2.02907e+011
-2.02859e+011
-2.0281e+011
-2.0276e+011
-2.02708e+011
-2.02656e+011
-2.02603e+011
-2.0255e+011
-2.02495e+011
-2.02439e+011
-2.02383e+011
-2.02325e+011
-2.02267e+011
-2.02207e+011
-2.02147e+011
-2.02086e+011
-2.02024e+011
-2.01961e+011
-2.01897e+011
-2.01832e+011
-2.01766e+011
-2.017e+011
-2.01632e+011
-2.01564e+011
-2.01494e+011
-2.01424e+011
-2.01353e+011
-2.01281e+011
-2.01208e+011
-2.01134e+011
-2.01059e+011
-2.00983e+011
-2.00906e+011
-2.00829e+011
-2.0075e+011
-2.00671e+011
-2.0059e+011
-2.00509e+011
-2.00426e+011
-2.00343e+011
-2.00259e+011
-2.00174e+011
-2.00088e+011
-2.00001e+011
-1.99913e+011
-1.99825e+011
-1.99735e+011
-1.99644e+011
-1.99553e+011
-1.9946e+011
-1.99367e+011
-1.99272e+011
-1.99177e+011
-1.99081e+011
-1.98984e+011
-1.98886e+011
-1.98787e+011
-1.98687e+011
-1.98586e+011
-1.98484e+011
-1.98381e+011
-1.98278e+011
-1.98173e+011
-1.98067e+011
-1.97961e+011
-1.97853e+011
