4.19007e+010
4.21211e+010
4.22312e+010
4.24513e+010
4.26713e+010
4.28911e+010
4.31107e+010
4.33301e+010
4.35493e+010
4.37683e+010
4.39871e+010
4.42058e+010
4.44242e+010
4.46425e+010
4.48605e+010
4.50784e+010
4.5296e+010
4.55135e+010
4.57307e+010
4.59478e+010
4.61646e+010
4.63813e+010
4.65977e+010
4.6814e+010
4.703e+010
4.72459e+010
4.74615e+010
4.76769e+010
4.78921e+010
4.81071e+010
4.83218e+010
4.85364e+010
4.87508e+010
4.89649e+010
4.91788e+010
4.93925e+010
4.9606e+010
4.98192e+010
5.00323e+010
5.02451e+010
5.04577e+010
5.067e+010
5.08822e+010
5.10941e+010
5.13058e+010
5.15173e+010
5.17285e+010
5.19395e+010
5.21503e+010
5.23608e+010
5.25711e+010
5.27812e+010
5.2991e+010
5.32006e+010
5.34099e+010
5.36191e+010
5.38279e+010
5.40366e+010
5.4245e+010
5.44531e+010
5.4661e+010
5.48687e+010
5.50761e+010
5.52832e+010
5.54901e+010
5.56968e+010
5.59032e+010
5.61094e+010
5.63153e+010
5.65209e+010
5.67263e+010
5.69314e+010
5.71363e+010
5.73409e+010
5.75453e+010
5.77494e+010
5.79532e+010
5.81567e+010
5.81872e+010
5.83905e+010
5.85935e+010
5.87962e+010
5.89987e+010
5.92008e+010
5.94028e+010
5.96044e+010
5.98058e+010
6.00068e+010
6.02077e+010
6.04082e+010
6.06084e+010
6.08084e+010
6.10081e+010
6.12075e+010
6.14066e+010
6.16055e+010
6.1804e+010
6.20023e+010
6.22003e+010
6.2398e+010
6.25953e+010
6.27925e+010
6.29893e+010
6.31858e+010
6.3382e+010
6.35779e+010
6.37735e+010
6.39688e+010
6.41639e+010
6.43586e+010
6.4553e+010
6.47471e+010
6.49409e+010
6.51344e+010
6.53276e+010
6.55204e+010
6.5713e+010
6.59052e+010
6.60971e+010
6.62888e+010
6.64801e+010
6.6671e+010
6.68617e+010
6.7052e+010
6.7242e+010
6.74317e+010
6.76211e+010
6.78101e+010
6.79988e+010
6.81872e+010
6.83752e+010
6.85629e+010
6.87503e+010
6.89373e+010
6.9124e+010
6.93104e+010
6.94964e+010
6.96821e+010
6.98674e+010
7.00524e+010
7.02371e+010
7.04214e+010
7.06053e+010
7.07889e+010
7.09722e+010
7.11551e+010
7.13376e+010
7.15198e+010
7.17016e+010
7.18831e+010
7.20642e+010
7.2245e+010
7.24253e+010
7.26054e+010
7.2785e+010
7.29643e+010
7.31432e+010
7.33217e+010
7.34999e+010
7.36777e+010
7.38551e+010
7.40321e+010
7.42088e+010
7.43851e+010
7.4561e+010
7.47365e+010
7.49116e+010
7.50863e+010
7.52607e+010
7.54346e+010
7.56082e+010
7.57813e+010
7.59541e+010
7.61265e+010
7.62984e+010
7.647e+010
7.66412e+010
7.68119e+010
7.69823e+010
7.71522e+010
7.73218e+010
7.74909e+010
7.76596e+010
7.78279e+010
7.79958e+010
7.81632e+010
7.83303e+010
7.84969e+010
7.86631e+010
7.88288e+010
7.89942e+010
7.91591e+010
7.93235e+010
7.94876e+010
7.96512e+010
7.98143e+010
7.99771e+010
8.01393e+010
8.03012e+010
8.04626e+010
8.06235e+010
8.06426e+010
8.0803e+010
8.0963e+010
8.11226e+010
8.12817e+010
8.14403e+010
8.15984e+010
8.17561e+010
8.19134e+010
8.20702e+010
8.21318e+010
8.22879e+010
8.24435e+010
8.25987e+010
8.27534e+010
8.29077e+010
8.30614e+010
8.32147e+010
8.33675e+010
8.35198e+010
8.36716e+010
8.38229e+010
8.39737e+010
8.41241e+010
8.42739e+010
8.43024e+010
8.44516e+010
8.46004e+010
8.47486e+010
8.48964e+010
8.50436e+010
8.51903e+010
8.53365e+010
8.53941e+010
8.55396e+010
8.56846e+010
8.5829e+010
8.59729e+010
8.61163e+010
8.62592e+010
8.64015e+010
8.65433e+010
8.66846e+010
8.68253e+010
8.69655e+010
8.71052e+010
8.72443e+010
8.73828e+010
8.75208e+010
8.76583e+010
8.77952e+010
8.79315e+010
8.80673e+010
8.82025e+010
8.83372e+010
8.84712e+010
8.86047e+010
8.87377e+010
8.887e+010
8.90018e+010
8.9133e+010
8.92636e+010
8.93936e+010
8.95231e+010
8.96519e+010
8.97801e+010
8.99078e+010
9.00348e+010
9.01613e+010
9.02871e+010
9.04123e+010
9.05369e+010
9.06609e+010
9.07843e+010
9.08424e+010
9.09648e+010
9.10867e+010
9.12078e+010
9.13284e+010
9.14479e+010
9.15672e+010
9.16858e+010
9.18038e+010
9.19212e+010
9.20379e+010
9.21539e+010
9.22693e+010
9.2384e+010
9.2498e+010
9.26114e+010
9.27241e+010
9.28361e+010
9.29475e+010
9.30582e+010
9.31681e+010
9.32774e+010
9.3386e+010
9.34939e+010
9.36011e+010
9.37062e+010
9.3812e+010
9.39171e+010
9.40215e+010
9.41251e+010
9.42281e+010
9.43303e+010
9.44318e+010
9.45325e+010
9.46325e+010
9.47318e+010
9.48303e+010
9.4928e+010
9.50251e+010
9.51213e+010
9.52168e+010
9.53115e+010
9.54055e+010
9.54987e+010
9.55911e+010
9.56827e+010
9.57736e+010
9.58636e+010
9.59529e+010
9.60413e+010
9.6129e+010
9.62158e+010
9.63019e+010
9.63871e+010
9.64715e+010
9.6555e+010
9.66378e+010
9.67197e+010
9.68007e+010
9.68809e+010
9.69603e+010
9.70388e+010
9.71165e+010
9.71933e+010
9.72692e+010
9.73442e+010
9.74184e+010
9.74917e+010
9.75641e+010
9.76356e+010
9.77062e+010
9.77759e+010
9.78446e+010
9.79125e+010
9.79795e+010
9.80455e+010
9.81106e+010
9.81747e+010
9.82379e+010
9.83002e+010
9.83615e+010
9.84219e+010
9.84812e+010
9.85397e+010
9.85971e+010
9.86535e+010
9.8709e+010
9.87635e+010
9.88169e+010
9.88694e+010
9.89208e+010
9.89713e+010
9.90207e+010
9.9069e+010
9.91142e+010
9.91605e+010
9.92058e+010
9.925e+010
9.92932e+010
9.93353e+010
9.93434e+010
9.93842e+010
9.94239e+010
9.94625e+010
9.95e+010
9.95364e+010
9.95717e+010
9.96059e+010
9.96091e+010
9.9642e+010
9.96738e+010
9.97044e+010
9.97339e+010
9.97622e+010
9.97894e+010
9.98154e+010
9.98402e+010
9.98638e+010
9.98862e+010
9.99074e+010
9.99273e+010
9.99461e+010
9.99636e+010
9.99799e+010
9.99949e+010
1.00009e+011
1.00021e+011
1.0003e+011
1.0004e+011
1.00049e+011
1.00057e+011
1.00063e+011
1.00068e+011
1.00072e+011
1.00074e+011
1.00075e+011
1.00075e+011
1.00073e+011
1.0007e+011
1.00065e+011
1.00059e+011
1.00052e+011
1.0005e+011
1.00041e+011
1.00031e+011
1.00019e+011
1.00005e+011
9.99906e+010
9.99743e+010
9.99565e+010
9.99371e+010
9.99163e+010
9.9894e+010
9.98703e+010
9.98449e+010
9.98179e+010
9.97893e+010
9.97592e+010
9.97275e+010
9.96942e+010
9.96592e+010
9.96226e+010
9.95844e+010
9.95445e+010
9.95029e+010
9.94596e+010
9.94147e+010
9.9368e+010
9.93196e+010
9.92694e+010
9.92175e+010
9.91638e+010
9.91083e+010
9.90511e+010
9.8992e+010
9.8931e+010
9.88682e+010
9.88036e+010
9.8737e+010
9.86686e+010
9.85982e+010
9.85259e+010
9.84517e+010
9.83754e+010
9.82972e+010
9.8217e+010
9.81348e+010
9.80505e+010
9.79642e+010
9.78758e+010
9.77853e+010
9.76926e+010
9.75979e+010
9.7501e+010
9.74019e+010
9.73006e+010
9.71971e+010
9.70913e+010
9.69833e+010
9.6873e+010
9.67604e+010
9.66454e+010
9.65281e+010
9.64085e+010
9.62864e+010
9.61619e+010
9.6035e+010
9.59056e+010
9.57737e+010
9.56392e+010
9.55023e+010
9.53627e+010
9.52206e+010
9.50758e+010
9.49283e+010
9.47782e+010
9.46932e+010
9.45388e+010
9.43817e+010
9.42217e+010
9.4059e+010
9.38934e+010
9.37249e+010
9.35535e+010
9.33791e+010
9.32018e+010
9.30215e+010
9.28381e+010
9.26516e+010
9.2462e+010
9.22692e+010
9.20733e+010
9.18741e+010
9.1735e+010
9.15302e+010
9.13222e+010
9.11107e+010
9.08959e+010
9.06776e+010
9.04558e+010
9.02304e+010
9.00014e+010
8.97689e+010
8.95326e+010
8.94387e+010
8.91972e+010
8.8952e+010
8.87029e+010
8.84499e+010
8.81929e+010
8.7932e+010
8.7667e+010
8.73979e+010
8.71247e+010
8.68472e+010
8.65676e+010
8.62816e+010
8.59911e+010
8.56963e+010
8.53969e+010
8.50929e+010
8.47843e+010
8.4471e+010
8.41529e+010
8.383e+010
8.35021e+010
8.31693e+010
8.28314e+010
8.24883e+010
8.214e+010
8.17864e+010
8.14275e+010
8.10631e+010
8.06931e+010
8.03175e+010
7.99361e+010
7.9549e+010
7.91559e+010
7.87568e+010
7.83516e+010
7.79402e+010
7.75225e+010
7.70984e+010
7.66678e+010
7.62305e+010
7.57865e+010
7.53356e+010
7.48777e+010
7.44127e+010
7.39405e+010
7.3461e+010
7.29739e+010
7.24792e+010
7.19768e+010
7.14665e+010
7.09481e+010
7.04215e+010
6.98865e+010
6.9343e+010
6.87909e+010
6.82299e+010
6.76599e+010
6.70807e+010
6.64922e+010
6.58941e+010
6.52863e+010
6.46686e+010
6.40407e+010
6.34025e+010
6.27537e+010
6.20943e+010
6.14238e+010
6.07422e+010
6.00491e+010
5.93444e+010
5.86277e+010
5.7899e+010
5.71578e+010
5.6404e+010
5.56372e+010
5.48573e+010
5.40639e+010
5.32568e+010
5.24356e+010
5.16002e+010
5.07501e+010
4.98852e+010
4.9005e+010
4.82434e+010
4.73343e+010
4.72432e+010
4.63164e+010
4.53733e+010
4.44134e+010
4.34366e+010
4.24424e+010
4.14306e+010
4.0401e+010
3.93532e+010
3.82869e+010
3.7202e+010
3.60981e+010
3.49751e+010
3.38328e+010
3.2671e+010
3.14895e+010
3.02884e+010
2.90674e+010
2.78267e+010
2.65663e+010
2.52863e+010
2.39868e+010
2.26681e+010
2.13306e+010
1.99747e+010
1.86008e+010
1.72096e+010
1.58018e+010
1.43782e+010
1.29398e+010
1.14876e+010
1.00228e+010
8.54669e+009
7.06071e+009
5.56637e+009
4.0653e+009
2.55921e+009
1.04992e+009
-4.60702e+008
-1.97072e+009
-3.47818e+009
-4.98108e+009
-6.47746e+009
-7.96534e+009
-9.44283e+009
-1.0908e+010
-1.23592e+010
-1.37947e+010
-1.52128e+010
-1.66122e+010
-1.79915e+010
-1.93495e+010
-2.06852e+010
-2.19975e+010
-2.32858e+010
-2.45493e+010
-2.57875e+010
-2.7e+010
-2.81866e+010
-2.93469e+010
-3.0481e+010
-3.15888e+010
-3.26703e+010
-3.37259e+010
-3.47555e+010
-3.57596e+010
-3.67384e+010
-3.76922e+010
-3.86216e+010
-3.95268e+010
-4.04083e+010
-4.12666e+010
-4.21022e+010
-4.29156e+010
-4.37071e+010
-4.44774e+010
-4.5227e+010
-4.59562e+010
-4.66657e+010
-4.73558e+010
-4.80272e+010
-4.86802e+010
-4.93153e+010
-4.9933e+010
-5.05338e+010
-5.1118e+010
-5.16862e+010
-5.22387e+010
-5.27759e+010
-5.32982e+010
-5.38061e+010
-5.42998e+010
-5.47798e+010
-5.52464e+010
-5.57e+010
-5.58943e+010
-5.63297e+010
-5.67529e+010
-5.71642e+010
-5.75638e+010
-5.79521e+010
-5.83293e+010
-5.86958e+010
-5.90518e+010
-5.93975e+010
-5.97331e+010
-6.00591e+010
-6.03755e+010
-6.06826e+010
-6.09806e+010
-6.12698e+010
-6.15503e+010
-6.18223e+010
-6.20861e+010
-6.23418e+010
-6.25896e+010
-6.28297e+010
-6.30623e+010
-6.32875e+010
-6.35054e+010
-6.37164e+010
-6.39204e+010
-6.41176e+010
-6.43083e+010
-6.44925e+010
-6.46703e+010
-6.4842e+010
-6.50076e+010
-6.51672e+010
-6.5321e+010
-6.54691e+010
-6.56116e+010
-6.57486e+010
-6.58803e+010
-6.60066e+010
-6.61278e+010
-6.6244e+010
-6.63552e+010
-6.64615e+010
-6.6563e+010
-6.66598e+010
-6.6752e+010
-6.68397e+010
-6.6923e+010
-6.70019e+010
-6.70765e+010
-6.71469e+010
-6.72132e+010
-6.72755e+010
-6.73338e+010
-6.73881e+010
-6.74386e+010
-6.74854e+010
-6.75284e+010
-6.75678e+010
-6.76036e+010
-6.76358e+010
-6.76646e+010
-6.769e+010
-6.77121e+010
-6.77308e+010
-6.77463e+010
-6.77586e+010
-6.77677e+010
-6.77738e+010
-6.77768e+010
-6.77769e+010
-6.77739e+010
-6.77681e+010
-6.77594e+010
-6.77479e+010
-6.77337e+010
-6.77167e+010
-6.7697e+010
-6.76747e+010
-6.76498e+010
-6.76223e+010
-6.75922e+010
-6.75597e+010
-6.75247e+010
-6.74873e+010
-6.74476e+010
-6.74054e+010
-6.7361e+010
-6.73142e+010
-6.72652e+010
-6.7214e+010
-6.71606e+010
-6.71051e+010
-6.70474e+010
-6.69876e+010
-6.69257e+010
-6.68618e+010
-6.684e+010
-6.67734e+010
-6.67048e+010
-6.66343e+010
-6.65619e+010
-6.64875e+010
-6.64113e+010
-6.63332e+010
-6.62533e+010
-6.61716e+010
-6.60881e+010
-6.60029e+010
-6.59159e+010
-6.58273e+010
-6.57369e+010
-6.56448e+010
-6.55512e+010
-6.54558e+010
-6.53589e+010
-6.52604e+010
-6.51603e+010
-6.50587e+010
-6.49556e+010
-6.48509e+010
-6.47448e+010
-6.46371e+010
-6.45281e+010
-6.44175e+010
-6.43056e+010
-6.41923e+010
-6.40775e+010
-6.39615e+010
-6.3844e+010
-6.37252e+010
-6.36051e+010
-6.34837e+010
-6.3361e+010
-6.3237e+010
-6.31118e+010
-6.29853e+010
-6.28576e+010
-6.27286e+010
-6.25985e+010
-6.24671e+010
-6.23346e+010
-6.22009e+010
-6.20661e+010
-6.19301e+010
-6.17931e+010
-6.16548e+010
-6.15155e+010
-6.13751e+010
-6.12337e+010
-6.10911e+010
-6.09476e+010
-6.08029e+010
-6.06573e+010
-6.05106e+010
-6.03629e+010
-6.02142e+010
-6.00646e+010
-5.99139e+010
-5.97623e+010
-5.96098e+010
-5.94563e+010
-5.93018e+010
-5.91465e+010
-5.89902e+010
-5.8833e+010
-5.8675e+010
-5.8516e+010
-5.83562e+010
-5.81955e+010
-5.80339e+010
-5.78715e+010
-5.77083e+010
-5.75442e+010
-5.73793e+010
-5.72136e+010
-5.7047e+010
-5.68797e+010
-5.67116e+010
-5.65427e+010
-5.6373e+010
-5.62026e+010
-5.60314e+010
-5.58595e+010
-5.56868e+010
-5.55134e+010
-5.53392e+010
-5.51644e+010
-5.49888e+010
-5.48125e+010
-5.46355e+010
-5.44579e+010
-5.42795e+010
-5.41005e+010
-5.39208e+010
-5.37404e+010
-5.35594e+010
-5.33777e+010
-5.31954e+010
-5.30124e+010
-5.28288e+010
-5.26446e+010
-5.24597e+010
-5.22743e+010
-5.20882e+010
-5.19016e+010
-5.17143e+010
-5.15265e+010
-5.1338e+010
-5.12765e+010
-5.10873e+010
-5.08975e+010
-5.07072e+010
-5.05163e+010
-5.03249e+010
-5.01329e+010
-4.99403e+010
-4.97472e+010
-4.95536e+010
-4.93595e+010
-4.91648e+010
-4.89696e+010
-4.8774e+010
-4.85778e+010
-4.8381e+010
-4.81838e+010
-4.79862e+010
-4.7788e+010
-4.75893e+010
-4.73902e+010
-4.71905e+010
-4.69905e+010
-4.67899e+010
-4.65889e+010
-4.63874e+010
-4.61855e+010
-4.59831e+010
-4.57803e+010
-4.55771e+010
-4.53734e+010
-4.51693e+010
-4.49647e+010
-4.47598e+010
-4.45544e+010
-4.43486e+010
-4.41424e+010
-4.39358e+010
-4.37288e+010
-4.35214e+010
-4.33135e+010
-4.31053e+010
-4.28968e+010
-4.26878e+010
-4.24785e+010
-4.22687e+010
-4.20586e+010
-4.18482e+010
-4.16374e+010
-4.14262e+010
-4.12146e+010
-4.10027e+010
-4.07905e+010
-4.05779e+010
-4.0365e+010
-4.01517e+010
-3.99381e+010
-3.97241e+010
-3.95098e+010
-3.92952e+010
-3.90803e+010
-3.8865e+010
-3.86495e+010
-3.84336e+010
-3.82174e+010
-3.80009e+010
-3.77841e+010
-3.7567e+010
-3.73496e+010
-3.71319e+010
-3.69139e+010
-3.66956e+010
-3.6477e+010
-3.62581e+010
-3.6039e+010
-3.58196e+010
-3.55999e+010
-3.53799e+010
-3.51597e+010
-3.49392e+010
-3.47184e+010
-3.44974e+010
-3.42761e+010
-3.40545e+010
-3.38327e+010
-3.36107e+010
-3.33884e+010
-3.31658e+010
-3.2943e+010
-3.272e+010
-3.24967e+010
-3.22732e+010
-3.20495e+010
-3.18255e+010
-3.16013e+010
-3.13769e+010
-3.11523e+010
-3.09274e+010
-3.07023e+010
-3.0477e+010
-3.02515e+010
-3.00258e+010
-2.97998e+010
-2.95737e+010
-2.93474e+010
-2.91208e+010
-2.88941e+010
-2.86671e+010
-2.844e+010
-2.82126e+010
-2.79851e+010
-2.77574e+010
-2.75295e+010
-2.73014e+010
-2.70732e+010
-2.68447e+010
-2.66161e+010
-2.63873e+010
-2.61583e+010
-2.59292e+010
-2.56998e+010
-2.54704e+010
-2.52407e+010
-2.50109e+010
-2.47809e+010
-2.45508e+010
-2.43205e+010
-2.409e+010
-2.38594e+010
-2.36287e+010
-2.33978e+010
-2.31667e+010
-2.29355e+010
-2.27042e+010
-2.24727e+010
-2.22411e+010
-2.20093e+010
-2.17774e+010
-2.15454e+010
-2.13132e+010
-2.10809e+010
-2.08485e+010
-2.0616e+010
-2.03833e+010
-2.01505e+010
-1.99175e+010
-1.96845e+010
-1.94513e+010
-1.92181e+010
-1.89847e+010
-1.87511e+010
-1.85175e+010
-1.82838e+010
-1.80499e+010
-1.7816e+010
-1.75819e+010
-1.73478e+010
-1.71135e+010
-1.68792e+010
-1.66447e+010
-1.64102e+010
-1.61755e+010
-1.59408e+010
-1.57059e+010
-1.5471e+010
-1.5236e+010
-1.50009e+010
-1.47657e+010
-1.45304e+010
-1.42951e+010
-1.40596e+010
-1.38241e+010
-1.35885e+010
-1.33529e+010
-1.31171e+010
-1.28813e+010
-1.26454e+010
-1.24095e+010
-1.21734e+010
-1.19373e+010
-1.17012e+010
-1.14649e+010
-1.12287e+010
-1.09923e+010
-1.07559e+010
-1.05194e+010
-1.02829e+010
-1.00463e+010
-9.80966e+009
-9.57297e+009
-9.33623e+009
-9.09943e+009
-8.86259e+009
-8.6257e+009
-8.38876e+009
-8.15178e+009
-7.91475e+009
-7.67768e+009
-7.44057e+009
-7.20342e+009
-6.96623e+009
-6.72901e+009
-6.49175e+009
-6.25446e+009
-6.01713e+009
-5.77977e+009
-5.54238e+009
-5.30496e+009
-5.06752e+009
-4.83005e+009
-4.79188e+009
-4.55438e+009
-4.31686e+009
-4.07931e+009
-3.84174e+009
-3.60415e+009
-3.36655e+009
-3.12892e+009
-2.89129e+009
-2.65363e+009
-2.41596e+009
-2.17828e+009
-1.94059e+009
-1.70289e+009
-1.46518e+009
-1.22747e+009
-9.89743e+008
-7.52015e+008
-5.14283e+008
-2.76548e+008
-3.88124e+007
1.98924e+008
4.36659e+008
6.74392e+008
9.12121e+008
1.14985e+009
1.38757e+009
1.62528e+009
1.86298e+009
2.10068e+009
2.33836e+009
2.57604e+009
2.8137e+009
3.05134e+009
3.28898e+009
3.52659e+009
3.76419e+009
4.00177e+009
4.23933e+009
4.47687e+009
4.71439e+009
4.95189e+009
5.18936e+009
5.42681e+009
5.66423e+009
5.90162e+009
6.13899e+009
6.37632e+009
6.61363e+009
6.8509e+009
7.08814e+009
7.32535e+009
7.56252e+009
7.79966e+009
8.03675e+009
8.27381e+009
8.51084e+009
8.74782e+009
8.98476e+009
9.22165e+009
9.45851e+009
9.69531e+009
9.93208e+009
1.01688e+010
1.04055e+010
1.06421e+010
1.08787e+010
1.11152e+010
1.13516e+010
1.15881e+010
1.18244e+010
1.20607e+010
1.2297e+010
1.25332e+010
1.27693e+010
1.30054e+010
1.32414e+010
1.34773e+010
1.37132e+010
1.3949e+010
1.41848e+010
1.44205e+010
1.46561e+010
1.48917e+010
1.51272e+010
1.53626e+010
1.5598e+010
1.58333e+010
1.60685e+010
1.63036e+010
1.65387e+010
1.67737e+010
1.70086e+010
1.72434e+010
1.74782e+010
1.77128e+010
1.79474e+010
1.81819e+010
1.84164e+010
1.86507e+010
1.8885e+010
1.91192e+010
1.93533e+010
1.95873e+010
1.98212e+010
2.0055e+010
2.02887e+010
2.05224e+010
2.07559e+010
2.09894e+010
2.12228e+010
2.1456e+010
2.16892e+010
2.19223e+010
2.21553e+010
2.23881e+010
2.26209e+010
2.28536e+010
2.30862e+010
2.33186e+010
2.3551e+010
2.37833e+010
2.40154e+010
2.42475e+010
2.44794e+010
2.47112e+010
2.4943e+010
2.51746e+010
2.54061e+010
2.56375e+010
2.58687e+010
2.60999e+010
2.63309e+010
2.65619e+010
2.67927e+010
2.70234e+010
2.72539e+010
2.74844e+010
2.77147e+010
2.79449e+010
2.8175e+010
2.8405e+010
2.86348e+010
2.88645e+010
2.90941e+010
2.93235e+010
2.95529e+010
2.97821e+010
3.00111e+010
3.02401e+010
3.04689e+010
3.06975e+010
3.0926e+010
3.11544e+010
3.13827e+010
3.16108e+010
3.18388e+010
3.20666e+010
3.22943e+010
3.25219e+010
3.27493e+010
3.29766e+010
3.32037e+010
3.34307e+010
3.36575e+010
3.38842e+010
3.41107e+010
3.43371e+010
3.45634e+010
3.47894e+010
3.50154e+010
3.52412e+010
3.54668e+010
3.56923e+010
3.59176e+010
3.61427e+010
3.63677e+010
3.65926e+010
3.68173e+010
3.70418e+010
3.72661e+010
3.74903e+010
3.77144e+010
3.79382e+010
3.81619e+010
3.83855e+010
3.86088e+010
3.8832e+010
3.90551e+010
3.92779e+010
3.95006e+010
3.97231e+010
3.99455e+010
4.01676e+010
4.03896e+010
4.06114e+010
4.08331e+010
4.10545e+010
4.12758e+010
4.14969e+010
4.17178e+010
4.19386e+010
4.21591e+010
4.23795e+010
4.25996e+010
4.28196e+010
4.30394e+010
4.32591e+010
4.34785e+010
4.36977e+010
4.39168e+010
4.41356e+010
4.43543e+010
4.45727e+010
4.4791e+010
4.50091e+010
4.52269e+010
4.54446e+010
4.56621e+010
4.58794e+010
4.60964e+010
4.63133e+010
4.653e+010
4.67464e+010
4.69627e+010
4.71787e+010
4.73946e+010
4.76102e+010
4.78256e+010
4.80408e+010
4.82558e+010
4.84706e+010
4.86852e+010
4.88995e+010
4.91137e+010
4.93276e+010
4.95413e+010
4.97548e+010
4.9968e+010
5.01811e+010
5.03939e+010
5.06065e+010
5.08188e+010
5.1031e+010
5.12429e+010
5.14546e+010
5.16661e+010
5.18773e+010
5.20883e+010
5.2299e+010
5.25096e+010
5.27199e+010
5.29299e+010
5.31398e+010
5.33493e+010
5.35587e+010
5.37678e+010
5.39767e+010
5.41853e+010
5.43937e+010
5.46018e+010
5.48097e+010
5.50174e+010
5.52248e+010
5.54319e+010
5.56388e+010
5.58454e+010
5.60518e+010
5.6258e+010
5.64639e+010
5.66695e+010
5.68749e+010
5.708e+010
5.72848e+010
5.74894e+010
5.76938e+010
5.78978e+010
5.81017e+010
5.83052e+010
5.85085e+010
5.87115e+010
5.89142e+010
5.91167e+010
5.93189e+010
5.95208e+010
5.97225e+010
5.99239e+010
6.0125e+010
6.03258e+010
6.05263e+010
6.07266e+010
6.09266e+010
6.11263e+010
6.13257e+010
6.15249e+010
6.17237e+010
6.19223e+010
6.21206e+010
6.23186e+010
6.25163e+010
6.27137e+010
6.29108e+010
6.31076e+010
6.33041e+010
6.35003e+010
6.36963e+010
6.38919e+010
6.40872e+010
6.42823e+010
6.4477e+010
6.46714e+010
6.48655e+010
6.50593e+010
6.52528e+010
6.5446e+010
6.56389e+010
6.58315e+010
