-1.02471e+011
-1.02357e+011
-1.023e+011
-1.02185e+011
-1.0207e+011
-1.01954e+011
-1.01838e+011
-1.01721e+011
-1.01604e+011
-1.01487e+011
-1.01369e+011
-1.01251e+011
-1.01132e+011
-1.01012e+011
-1.00893e+011
-1.00773e+011
-1.00652e+011
-1.00531e+011
-1.00409e+011
-1.00287e+011
-1.00165e+011
-1.00042e+011
-9.99191e+010
-9.97954e+010
-9.96712e+010
-9.95467e+010
-9.94217e+010
-9.92962e+010
-9.91703e+010
-9.9044e+010
-9.89172e+010
-9.879e+010
-9.86624e+010
-9.85343e+010
-9.84058e+010
-9.82769e+010
-9.81475e+010
-9.80177e+010
-9.78874e+010
-9.77568e+010
-9.76256e+010
-9.74941e+010
-9.73621e+010
-9.72297e+010
-9.70968e+010
-9.69635e+010
-9.68298e+010
-9.66957e+010
-9.65611e+010
-9.64261e+010
-9.62907e+010
-9.61548e+010
-9.60185e+010
-9.58817e+010
-9.57446e+010
-9.5607e+010
-9.5469e+010
-9.53305e+010
-9.51917e+010
-9.50524e+010
-9.49126e+010
-9.47725e+010
-9.46319e+010
-9.44909e+010
-9.43494e+010
-9.42076e+010
-9.40653e+010
-9.39225e+010
-9.37794e+010
-9.36358e+010
-9.34918e+010
-9.33474e+010
-9.32026e+010
-9.30573e+010
-9.29116e+010
-9.27655e+010
-9.2619e+010
-9.2472e+010
-9.245e+010
-9.23025e+010
-9.21547e+010
-9.20064e+010
-9.18577e+010
-9.17085e+010
-9.1559e+010
-9.1409e+010
-9.12586e+010
-9.11078e+010
-9.09566e+010
-9.08049e+010
-9.06529e+010
-9.05004e+010
-9.03475e+010
-9.01941e+010
-9.00404e+010
-8.98862e+010
-8.97316e+010
-8.95766e+010
-8.94212e+010
-8.92654e+010
-8.91091e+010
-8.89525e+010
-8.87954e+010
-8.86379e+010
-8.848e+010
-8.83216e+010
-8.81629e+010
-8.80037e+010
-8.78441e+010
-8.76841e+010
-8.75237e+010
-8.73629e+010
-8.72017e+010
-8.704e+010
-8.6878e+010
-8.67155e+010
-8.65526e+010
-8.63893e+010
-8.62256e+010
-8.60614e+010
-8.58969e+010
-8.57319e+010
-8.55666e+010
-8.54008e+010
-8.52346e+010
-8.5068e+010
-8.4901e+010
-8.47336e+010
-8.45657e+010
-8.43975e+010
-8.42288e+010
-8.40598e+010
-8.38903e+010
-8.37204e+010
-8.35501e+010
-8.33794e+010
-8.32083e+010
-8.30368e+010
-8.28649e+010
-8.26925e+010
-8.25198e+010
-8.23466e+010
-8.21731e+010
-8.19991e+010
-8.18247e+010
-8.16499e+010
-8.14747e+010
-8.12992e+010
-8.11231e+010
-8.09467e+010
-8.07699e+010
-8.05927e+010
-8.04151e+010
-8.0237e+010
-8.00586e+010
-7.98797e+010
-7.97005e+010
-7.95208e+010
-7.93408e+010
-7.91603e+010
-7.89794e+010
-7.87982e+010
-7.86165e+010
-7.84344e+010
-7.82519e+010
-7.8069e+010
-7.78857e+010
-7.7702e+010
-7.75179e+010
-7.73334e+010
-7.71485e+010
-7.69632e+010
-7.67775e+010
-7.65914e+010
-7.64049e+010
-7.6218e+010
-7.60306e+010
-7.58429e+010
-7.56548e+010
-7.54663e+010
-7.52773e+010
-7.5088e+010
-7.48983e+010
-7.47082e+010
-7.45176e+010
-7.43267e+010
-7.41354e+010
-7.39436e+010
-7.37515e+010
-7.3559e+010
-7.3366e+010
-7.31727e+010
-7.2979e+010
-7.27849e+010
-7.25903e+010
-7.23954e+010
-7.22001e+010
-7.20044e+010
-7.18082e+010
-7.16117e+010
-7.14148e+010
-7.13914e+010
-7.1194e+010
-7.09963e+010
-7.07981e+010
-7.05996e+010
-7.04006e+010
-7.02013e+010
-7.00015e+010
-6.98014e+010
-6.96008e+010
-6.95218e+010
-6.93207e+010
-6.91192e+010
-6.89173e+010
-6.8715e+010
-6.85123e+010
-6.83093e+010
-6.81058e+010
-6.79019e+010
-6.76977e+010
-6.7493e+010
-6.7288e+010
-6.70825e+010
-6.68767e+010
-6.66705e+010
-6.66311e+010
-6.64244e+010
-6.62173e+010
-6.60098e+010
-6.58019e+010
-6.55936e+010
-6.5385e+010
-6.51759e+010
-6.50932e+010
-6.48836e+010
-6.46736e+010
-6.44632e+010
-6.42524e+010
-6.40412e+010
-6.38296e+010
-6.36176e+010
-6.34053e+010
-6.31925e+010
-6.29793e+010
-6.27658e+010
-6.25519e+010
-6.23375e+010
-6.21228e+010
-6.19077e+010
-6.16922e+010
-6.14763e+010
-6.126e+010
-6.10434e+010
-6.08263e+010
-6.06089e+010
-6.0391e+010
-6.01728e+010
-5.99542e+010
-5.97352e+010
-5.95157e+010
-5.9296e+010
-5.90758e+010
-5.88552e+010
-5.86342e+010
-5.84129e+010
-5.81912e+010
-5.7969e+010
-5.77465e+010
-5.75236e+010
-5.73003e+010
-5.70767e+010
-5.68526e+010
-5.66282e+010
-5.64033e+010
-5.62968e+010
-5.60714e+010
-5.58456e+010
-5.56194e+010
-5.53929e+010
-5.51667e+010
-5.49393e+010
-5.47116e+010
-5.44835e+010
-5.4255e+010
-5.40261e+010
-5.37969e+010
-5.35672e+010
-5.33372e+010
-5.31068e+010
-5.2876e+010
-5.26448e+010
-5.24132e+010
-5.21813e+010
-5.19489e+010
-5.17162e+010
-5.14831e+010
-5.12496e+010
-5.10158e+010
-5.07815e+010
-5.055e+010
-5.0315e+010
-5.00796e+010
-4.98438e+010
-4.96077e+010
-4.93712e+010
-4.91342e+010
-4.88969e+010
-4.86593e+010
-4.84212e+010
-4.81828e+010
-4.7944e+010
-4.77048e+010
-4.74652e+010
-4.72253e+010
-4.6985e+010
-4.67443e+010
-4.65032e+010
-4.62617e+010
-4.60199e+010
-4.57777e+010
-4.55351e+010
-4.52921e+010
-4.50488e+010
-4.48051e+010
-4.4561e+010
-4.43165e+010
-4.40717e+010
-4.38265e+010
-4.35809e+010
-4.3335e+010
-4.30886e+010
-4.28419e+010
-4.25949e+010
-4.23474e+010
-4.20996e+010
-4.18514e+010
-4.16028e+010
-4.13539e+010
-4.11046e+010
-4.0855e+010
-4.06049e+010
-4.03545e+010
-4.01037e+010
-3.98526e+010
-3.96011e+010
-3.93492e+010
-3.9097e+010
-3.88444e+010
-3.85914e+010
-3.83381e+010
-3.80844e+010
-3.78303e+010
-3.75759e+010
-3.73211e+010
-3.70659e+010
-3.68104e+010
-3.65546e+010
-3.62983e+010
-3.60417e+010
-3.57848e+010
-3.55275e+010
-3.52698e+010
-3.50118e+010
-3.47534e+010
-3.44947e+010
-3.42356e+010
-3.39761e+010
-3.37163e+010
-3.34681e+010
-3.32076e+010
-3.29468e+010
-3.26856e+010
-3.2424e+010
-3.21621e+010
-3.21106e+010
-3.18483e+010
-3.15856e+010
-3.13226e+010
-3.10592e+010
-3.07955e+010
-3.05315e+010
-3.02671e+010
-3.02419e+010
-2.99771e+010
-2.9712e+010
-2.94465e+010
-2.91807e+010
-2.89146e+010
-2.86481e+010
-2.83813e+010
-2.81142e+010
-2.78467e+010
-2.75789e+010
-2.73107e+010
-2.70422e+010
-2.67734e+010
-2.65043e+010
-2.62348e+010
-2.5965e+010
-2.56949e+010
-2.54244e+010
-2.52112e+010
-2.49401e+010
-2.46688e+010
-2.43971e+010
-2.41251e+010
-2.38528e+010
-2.35802e+010
-2.33072e+010
-2.30339e+010
-2.27604e+010
-2.24865e+010
-2.22123e+010
-2.19378e+010
-2.1663e+010
-2.13878e+010
-2.13354e+010
-2.10599e+010
-2.07841e+010
-2.0508e+010
-2.02316e+010
-1.9955e+010
-1.9678e+010
-1.94007e+010
-1.91232e+010
-1.88453e+010
-1.85672e+010
-1.82908e+010
-1.80121e+010
-1.77331e+010
-1.74539e+010
-1.71744e+010
-1.68945e+010
-1.66145e+010
-1.63341e+010
-1.60535e+010
-1.57726e+010
-1.54915e+010
-1.521e+010
-1.49284e+010
-1.46465e+010
-1.43643e+010
-1.40819e+010
-1.37992e+010
-1.35163e+010
-1.32331e+010
-1.29497e+010
-1.26661e+010
-1.23822e+010
-1.20981e+010
-1.18138e+010
-1.15293e+010
-1.12445e+010
-1.09595e+010
-1.06743e+010
-1.03889e+010
-1.01033e+010
-9.81749e+009
-9.53149e+009
-9.24528e+009
-8.95889e+009
-8.67231e+009
-8.38555e+009
-8.09862e+009
-7.8115e+009
-7.52422e+009
-7.23678e+009
-6.94917e+009
-6.66141e+009
-6.37351e+009
-6.08545e+009
-5.79725e+009
-5.50892e+009
-5.22047e+009
-4.93188e+009
-4.64318e+009
-4.35436e+009
-4.06544e+009
-3.77642e+009
-3.4873e+009
-3.1981e+009
-2.90881e+009
-2.61944e+009
-2.33001e+009
-2.04052e+009
-1.75097e+009
-1.46137e+009
-1.17173e+009
-8.82064e+008
-5.92369e+008
-4.30613e+008
-1.40896e+008
1.48825e+008
4.38541e+008
7.28243e+008
1.01792e+009
1.30757e+009
1.59718e+009
1.88674e+009
2.17623e+009
2.46566e+009
2.755e+009
3.04426e+009
3.33341e+009
3.62244e+009
3.91135e+009
4.20013e+009
4.39897e+009
4.68748e+009
4.97583e+009
5.26398e+009
5.55194e+009
5.83969e+009
6.12721e+009
6.41449e+009
6.70152e+009
6.98827e+009
7.27474e+009
7.38726e+009
7.67331e+009
7.95902e+009
8.24439e+009
8.5294e+009
8.81403e+009
9.09825e+009
9.38206e+009
9.66543e+009
9.94834e+009
1.02308e+010
1.05106e+010
1.0792e+010
1.10729e+010
1.13532e+010
1.16328e+010
1.19119e+010
1.21903e+010
1.2468e+010
1.2745e+010
1.30213e+010
1.32969e+010
1.35716e+010
1.38455e+010
1.41185e+010
1.43907e+010
1.46619e+010
1.49321e+010
1.52014e+010
1.54696e+010
1.57367e+010
1.60027e+010
1.62675e+010
1.65312e+010
1.67935e+010
1.70546e+010
1.73143e+010
1.75726e+010
1.78295e+010
1.80848e+010
1.83386e+010
1.85908e+010
1.88413e+010
1.909e+010
1.93369e+010
1.95819e+010
1.9825e+010
2.00661e+010
2.03051e+010
2.05418e+010
2.07764e+010
2.10086e+010
2.12383e+010
2.14656e+010
2.16902e+010
2.19121e+010
2.21312e+010
2.23473e+010
2.25605e+010
2.27705e+010
2.29772e+010
2.31805e+010
2.33803e+010
2.35764e+010
2.37687e+010
2.39571e+010
2.41414e+010
2.43214e+010
2.44969e+010
2.46679e+010
2.4834e+010
2.49952e+010
2.51512e+010
2.53018e+010
2.54468e+010
2.5586e+010
2.57191e+010
2.58459e+010
2.59662e+010
2.60795e+010
2.61858e+010
2.62847e+010
2.63758e+010
2.64589e+010
2.65231e+010
2.65904e+010
2.65966e+010
2.6654e+010
2.67019e+010
2.674e+010
2.67679e+010
2.67851e+010
2.67911e+010
2.67856e+010
2.67681e+010
2.6738e+010
2.66948e+010
2.66381e+010
2.65672e+010
2.64817e+010
2.63809e+010
2.62642e+010
2.61311e+010
2.59809e+010
2.5813e+010
2.56268e+010
2.54217e+010
2.5197e+010
2.49521e+010
2.46865e+010
2.43995e+010
2.40906e+010
2.37593e+010
2.3405e+010
2.30273e+010
2.26258e+010
2.22003e+010
2.17503e+010
2.12758e+010
2.07767e+010
2.02529e+010
1.97045e+010
1.91319e+010
1.85351e+010
1.79148e+010
1.72714e+010
1.66055e+010
1.5918e+010
1.52096e+010
1.44812e+010
1.37339e+010
1.29688e+010
1.2187e+010
1.13896e+010
1.0578e+010
9.75326e+009
8.91674e+009
8.06965e+009
7.21322e+009
6.34865e+009
5.47712e+009
4.59975e+009
3.71763e+009
2.83179e+009
1.94321e+009
1.05282e+009
1.61465e+008
-7.30037e+008
-1.62094e+009
-2.51057e+009
-3.39828e+009
-4.2835e+009
-5.1657e+009
-6.04441e+009
-6.91919e+009
-7.78966e+009
-8.65547e+009
-9.51632e+009
-1.03719e+010
-1.12221e+010
-1.20665e+010
-1.29051e+010
-1.37377e+010
-1.45641e+010
-1.53842e+010
-1.6198e+010
-1.70054e+010
-1.78062e+010
-1.86006e+010
-1.93883e+010
-2.01695e+010
-2.09441e+010
-2.17122e+010
-2.24736e+010
-2.32285e+010
-2.39768e+010
-2.47186e+010
-2.54539e+010
-2.61828e+010
-2.69053e+010
-2.76215e+010
-2.79326e+010
-2.86397e+010
-2.93406e+010
-3.00353e+010
-3.0724e+010
-3.14066e+010
-3.20831e+010
-3.27538e+010
-3.34186e+010
-3.40776e+010
-3.47309e+010
-3.53785e+010
-3.60205e+010
-3.66569e+010
-3.72879e+010
-3.79134e+010
-3.85336e+010
-3.91485e+010
-3.97581e+010
-4.03626e+010
-4.0962e+010
-4.15563e+010
-4.21457e+010
-4.27301e+010
-4.33096e+010
-4.38844e+010
-4.44544e+010
-4.50197e+010
-4.55803e+010
-4.61364e+010
-4.66879e+010
-4.7235e+010
-4.77776e+010
-4.83159e+010
-4.88499e+010
-4.93795e+010
-4.9905e+010
-5.04263e+010
-5.09435e+010
-5.14566e+010
-5.19657e+010
-5.24708e+010
-5.29719e+010
-5.34692e+010
-5.39626e+010
-5.44522e+010
-5.49381e+010
-5.54202e+010
-5.58987e+010
-5.63735e+010
-5.68447e+010
-5.73124e+010
-5.77766e+010
-5.82372e+010
-5.86944e+010
-5.91483e+010
-5.95987e+010
-6.00458e+010
-6.04896e+010
-6.09301e+010
-6.13674e+010
-6.18015e+010
-6.22325e+010
-6.26602e+010
-6.30849e+010
-6.35066e+010
-6.39251e+010
-6.43407e+010
-6.47533e+010
-6.51629e+010
-6.55696e+010
-6.59734e+010
-6.63743e+010
-6.67724e+010
-6.71677e+010
-6.75602e+010
-6.79499e+010
-6.83369e+010
-6.87212e+010
-6.91028e+010
-6.94818e+010
-6.98581e+010
-7.02317e+010
-7.06028e+010
-7.09714e+010
-7.13374e+010
-7.17008e+010
-7.20618e+010
-7.24203e+010
-7.27763e+010
-7.31299e+010
-7.34811e+010
-7.38299e+010
-7.41763e+010
-7.45204e+010
-7.48621e+010
-7.52015e+010
-7.55386e+010
-7.56511e+010
-7.59852e+010
-7.63171e+010
-7.66467e+010
-7.6974e+010
-7.72992e+010
-7.76222e+010
-7.79431e+010
-7.82618e+010
-7.85784e+010
-7.88928e+010
-7.92052e+010
-7.95154e+010
-7.98237e+010
-8.01298e+010
-8.0434e+010
-8.07361e+010
-8.10362e+010
-8.13343e+010
-8.16305e+010
-8.19247e+010
-8.22169e+010
-8.25072e+010
-8.27956e+010
-8.30821e+010
-8.33667e+010
-8.36494e+010
-8.39303e+010
-8.42093e+010
-8.44865e+010
-8.47619e+010
-8.50354e+010
-8.53071e+010
-8.55771e+010
-8.58453e+010
-8.61117e+010
-8.63764e+010
-8.66393e+010
-8.69005e+010
-8.716e+010
-8.74177e+010
-8.76738e+010
-8.79282e+010
-8.8181e+010
-8.8432e+010
-8.86814e+010
-8.89292e+010
-8.91754e+010
-8.94199e+010
-8.96628e+010
-8.99041e+010
-9.01438e+010
-9.0382e+010
-9.06185e+010
-9.08536e+010
-9.1087e+010
-9.13189e+010
-9.15493e+010
-9.17782e+010
-9.20055e+010
-9.22314e+010
-9.24557e+010
-9.26786e+010
-9.28999e+010
-9.31199e+010
-9.33383e+010
-9.35553e+010
-9.37708e+010
-9.39849e+010
-9.41976e+010
-9.44089e+010
-9.46187e+010
-9.48271e+010
-9.50342e+010
-9.52398e+010
-9.54441e+010
-9.5647e+010
-9.58485e+010
-9.60487e+010
-9.62475e+010
-9.64449e+010
-9.66411e+010
-9.68359e+010
-9.70293e+010
-9.72215e+010
-9.74123e+010
-9.76019e+010
-9.77901e+010
-9.79771e+010
-9.81627e+010
-9.83471e+010
-9.85302e+010
-9.87121e+010
-9.88927e+010
-9.9072e+010
-9.92501e+010
-9.9427e+010
-9.96026e+010
-9.9777e+010
-9.99502e+010
-1.00122e+011
-1.00293e+011
-1.00462e+011
-1.00631e+011
-1.00798e+011
-1.00964e+011
-1.01129e+011
-1.01292e+011
-1.01455e+011
-1.01616e+011
-1.01776e+011
-1.01935e+011
-1.01987e+011
-1.02144e+011
-1.02301e+011
-1.02456e+011
-1.0261e+011
-1.02763e+011
-1.02914e+011
-1.03065e+011
-1.03215e+011
-1.03363e+011
-1.03511e+011
-1.03657e+011
-1.03802e+011
-1.03946e+011
-1.04089e+011
-1.04231e+011
-1.04372e+011
-1.04512e+011
-1.0465e+011
-1.04788e+011
-1.04925e+011
-1.0506e+011
-1.05195e+011
-1.05328e+011
-1.05461e+011
-1.05592e+011
-1.05723e+011
-1.05852e+011
-1.0598e+011
-1.06108e+011
-1.06234e+011
-1.06359e+011
-1.06483e+011
-1.06607e+011
-1.06729e+011
-1.0685e+011
-1.06971e+011
-1.0709e+011
-1.07208e+011
-1.07326e+011
-1.07442e+011
-1.07558e+011
-1.07672e+011
-1.07786e+011
-1.07898e+011
-1.0801e+011
-1.08121e+011
-1.0823e+011
-1.08339e+011
-1.08447e+011
-1.08554e+011
-1.0866e+011
-1.08765e+011
-1.08869e+011
-1.08972e+011
-1.09074e+011
-1.09176e+011
-1.09276e+011
-1.09376e+011
-1.09474e+011
-1.09572e+011
-1.09669e+011
-1.09765e+011
-1.0986e+011
-1.09954e+011
-1.10047e+011
-1.1014e+011
-1.10231e+011
-1.10322e+011
-1.10412e+011
-1.105e+011
-1.10588e+011
-1.10676e+011
-1.10762e+011
-1.10847e+011
-1.10932e+011
-1.11016e+011
-1.11098e+011
-1.1118e+011
-1.11262e+011
-1.11342e+011
-1.11421e+011
-1.115e+011
-1.11578e+011
-1.11655e+011
-1.11731e+011
-1.11806e+011
-1.11881e+011
-1.11955e+011
-1.12027e+011
-1.12099e+011
-1.12171e+011
-1.12241e+011
-1.12311e+011
-1.1238e+011
-1.12448e+011
-1.12515e+011
-1.12581e+011
-1.12647e+011
-1.12712e+011
-1.12776e+011
-1.12839e+011
-1.12901e+011
-1.12963e+011
-1.13024e+011
-1.13084e+011
-1.13144e+011
-1.13202e+011
-1.1326e+011
-1.13317e+011
-1.13373e+011
-1.13429e+011
-1.13483e+011
-1.13537e+011
-1.13591e+011
-1.13643e+011
-1.13695e+011
-1.13746e+011
-1.13796e+011
-1.13846e+011
-1.13894e+011
-1.13942e+011
-1.13989e+011
-1.14036e+011
-1.14082e+011
-1.14127e+011
-1.14171e+011
-1.14215e+011
-1.14257e+011
-1.143e+011
-1.14341e+011
-1.14382e+011
-1.14422e+011
-1.14461e+011
-1.14499e+011
-1.14537e+011
-1.14574e+011
-1.1461e+011
-1.14646e+011
-1.14681e+011
-1.14715e+011
-1.14749e+011
-1.14782e+011
-1.14814e+011
-1.14845e+011
-1.14876e+011
-1.14906e+011
-1.14935e+011
-1.14964e+011
-1.14992e+011
-1.15019e+011
-1.15046e+011
-1.15072e+011
-1.15097e+011
-1.15122e+011
-1.15146e+011
-1.15169e+011
-1.15191e+011
-1.15213e+011
-1.15234e+011
-1.15255e+011
-1.15275e+011
-1.15294e+011
-1.15312e+011
-1.1533e+011
-1.15347e+011
-1.15364e+011
-1.1538e+011
-1.15395e+011
-1.1541e+011
-1.15424e+011
-1.15437e+011
-1.15449e+011
-1.15461e+011
-1.15473e+011
-1.15483e+011
-1.15493e+011
-1.15503e+011
-1.15511e+011
-1.15519e+011
-1.15527e+011
-1.15534e+011
-1.1554e+011
-1.15545e+011
-1.1555e+011
-1.15554e+011
-1.15558e+011
-1.15561e+011
-1.15563e+011
-1.15565e+011
-1.15566e+011
-1.15567e+011
-1.15567e+011
-1.15566e+011
-1.15565e+011
-1.15563e+011
-1.1556e+011
-1.15557e+011
-1.15553e+011
-1.15548e+011
-1.15543e+011
-1.15538e+011
-1.15531e+011
-1.15525e+011
-1.15517e+011
-1.15509e+011
-1.155e+011
-1.15491e+011
-1.15481e+011
-1.15471e+011
-1.15469e+011
-1.15458e+011
-1.15446e+011
-1.15433e+011
-1.1542e+011
-1.15407e+011
-1.15393e+011
-1.15378e+011
-1.15362e+011
-1.15347e+011
-1.1533e+011
-1.15313e+011
-1.15295e+011
-1.15277e+011
-1.15258e+011
-1.15238e+011
-1.15218e+011
-1.15198e+011
-1.15177e+011
-1.15155e+011
-1.15132e+011
-1.15109e+011
-1.15086e+011
-1.15062e+011
-1.15037e+011
-1.15012e+011
-1.14986e+011
-1.1496e+011
-1.14933e+011
-1.14905e+011
-1.14877e+011
-1.14849e+011
-1.14819e+011
-1.1479e+011
-1.14759e+011
-1.14728e+011
-1.14697e+011
-1.14665e+011
-1.14632e+011
-1.14599e+011
-1.14566e+011
-1.14531e+011
-1.14496e+011
-1.14461e+011
-1.14425e+011
-1.14389e+011
-1.14352e+011
-1.14314e+011
-1.14276e+011
-1.14237e+011
-1.14198e+011
-1.14159e+011
-1.14118e+011
-1.14077e+011
-1.14036e+011
-1.13994e+011
-1.13952e+011
-1.13909e+011
-1.13865e+011
-1.13821e+011
-1.13776e+011
-1.13731e+011
-1.13686e+011
-1.13639e+011
-1.13593e+011
-1.13545e+011
-1.13498e+011
-1.13449e+011
-1.134e+011
-1.13351e+011
-1.13301e+011
-1.13251e+011
-1.132e+011
-1.13148e+011
-1.13096e+011
-1.13043e+011
-1.1299e+011
-1.12937e+011
-1.12883e+011
-1.12828e+011
-1.12773e+011
-1.12717e+011
-1.12661e+011
-1.12604e+011
-1.12547e+011
-1.12489e+011
-1.12431e+011
-1.12372e+011
-1.12313e+011
-1.12253e+011
-1.12192e+011
-1.12132e+011
-1.1207e+011
-1.12008e+011
-1.11946e+011
-1.11883e+011
-1.1182e+011
-1.11756e+011
-1.11691e+011
-1.11626e+011
-1.11561e+011
-1.11495e+011
-1.11429e+011
-1.11362e+011
-1.11294e+011
-1.11226e+011
-1.11158e+011
-1.11089e+011
-1.11019e+011
-1.10949e+011
-1.10879e+011
-1.10808e+011
-1.10737e+011
-1.10665e+011
-1.10592e+011
-1.10519e+011
-1.10446e+011
-1.10372e+011
-1.10297e+011
-1.10223e+011
-1.10147e+011
-1.10071e+011
-1.09995e+011
-1.09918e+011
-1.09841e+011
-1.09763e+011
-1.09684e+011
-1.09606e+011
-1.09526e+011
-1.09447e+011
-1.09366e+011
-1.09286e+011
-1.09204e+011
-1.09123e+011
-1.0904e+011
-1.08958e+011
-1.08874e+011
-1.08791e+011
-1.08707e+011
-1.08622e+011
-1.08537e+011
-1.08451e+011
-1.08365e+011
-1.08279e+011
-1.08192e+011
-1.08104e+011
-1.08016e+011
-1.07928e+011
-1.07839e+011
-1.07749e+011
-1.0766e+011
-1.07569e+011
-1.07478e+011
-1.07387e+011
-1.07295e+011
-1.07203e+011
-1.0711e+011
-1.07017e+011
-1.06924e+011
-1.0683e+011
-1.06735e+011
-1.0664e+011
-1.06544e+011
-1.06448e+011
-1.06352e+011
-1.06255e+011
-1.06158e+011
-1.0606e+011
-1.05962e+011
-1.05863e+011
-1.05764e+011
-1.05664e+011
-1.05564e+011
-1.05463e+011
-1.05362e+011
-1.0526e+011
-1.05158e+011
-1.05056e+011
-1.04953e+011
-1.0485e+011
-1.04746e+011
-1.04642e+011
-1.04537e+011
-1.04432e+011
-1.04326e+011
-1.0422e+011
-1.04113e+011
-1.04006e+011
-1.03899e+011
-1.03791e+011
-1.03682e+011
-1.03574e+011
-1.03464e+011
-1.03354e+011
-1.03244e+011
-1.03134e+011
-1.03022e+011
-1.02911e+011
-1.02799e+011
-1.02686e+011
-1.02574e+011
-1.0246e+011
-1.02346e+011
-1.02232e+011
-1.02117e+011
-1.02002e+011
-1.01887e+011
-1.01771e+011
-1.01654e+011
-1.01537e+011
-1.0142e+011
-1.01302e+011
-1.01184e+011
-1.01065e+011
-1.00946e+011
-1.00826e+011
-1.00706e+011
-1.00586e+011
-1.00465e+011
-1.00343e+011
-1.00222e+011
-1.00099e+011
-9.99766e+010
-9.98535e+010
-9.97299e+010
-9.96059e+010
-9.94815e+010
-9.93566e+010
-9.92312e+010
-9.91055e+010
-9.89793e+010
-9.88526e+010
-9.87255e+010
-9.8598e+010
-9.84701e+010
-9.83417e+010
-9.82129e+010
-9.80836e+010
-9.79539e+010
-9.78238e+010
-9.76932e+010
-9.75622e+010
-9.74308e+010
-9.72989e+010
-9.71666e+010
-9.70339e+010
-9.69008e+010
-9.67672e+010
-9.66331e+010
-9.64987e+010
-9.63638e+010
-9.62285e+010
-9.60927e+010
-9.59566e+010
-9.582e+010
-9.56829e+010
-9.55455e+010
-9.54076e+010
-9.52693e+010
-9.51305e+010
-9.49914e+010
-9.48518e+010
-9.47117e+010
-9.45713e+010
-9.44304e+010
-9.42891e+010
-9.41474e+010
-9.40052e+010
-9.38626e+010
-9.37196e+010
-9.35762e+010
-9.34323e+010
-9.3288e+010
-9.31433e+010
-9.29982e+010
-9.28527e+010
-9.27067e+010
-9.25603e+010
-9.24135e+010
-9.22662e+010
-9.21186e+010
-9.19705e+010
-9.1822e+010
-9.16731e+010
-9.15237e+010
-9.13739e+010
-9.12238e+010
-9.10732e+010
-9.09221e+010
-9.07707e+010
-9.06188e+010
-9.04665e+010
-9.03138e+010
-9.01607e+010
-9.00072e+010
-8.98532e+010
-8.96989e+010
-8.95441e+010
-8.93889e+010
-8.92332e+010
-8.90772e+010
-8.89207e+010
-8.87639e+010
-8.86066e+010
-8.84489e+010
-8.82908e+010
-8.81322e+010
-8.79733e+010
-8.78139e+010
-8.76541e+010
-8.7494e+010
-8.73333e+010
-8.71723e+010
-8.70109e+010
-8.68491e+010
-8.66868e+010
-8.65241e+010
